# /clock/clock, /robot_0/cmd_vel/linear/x, /clock/clock, /robot_1/cmd_vel/linear/x, /clock/clock, /robot_2/cmd_vel/linear/x, /clock/clock, /robot_3/cmd_vel/linear/x, /clock/clock, /robot_0/cmd_vel/angular/z, /clock/clock, /robot_1/cmd_vel/angular/z, /clock/clock, /robot_0/cmd_vel/angular/z, /clock/clock, /robot_3/cmd_vel/angular/z
4.7999999999999998224, 1.001031702033874371, 4.7999999999999998224, 0.73473440986350635473, 4.7999999999999998224, 0.74508570361677117777, 5.7999999999999998224, 1.0373854111703360026, 4.7999999999999998224, 2.610658883549481579e-6, 4.7999999999999998224, 6.2831680049446916314, 4.7999999999999998224, 2.610658883549481579e-6, 5.7999999999999998224, 0.35886360804669825697
4.9000000000000003553, 1.001031702033874371, 4.9000000000000003553, 0.73473440986350635473, 4.9000000000000003553, 0.79923641000144129976, 5.9000000000000003553, 1.0414478235305197895, 4.9000000000000003553, 2.610658883549481579e-6, 4.9000000000000003553, 6.2831680049446916314, 4.9000000000000003553, 2.610658883549481579e-6, 5.9000000000000003553, 0.32228019099898053135
5, 1.001031702033874371, 5, 0.73473440986350635473, 5, 0.8153979106471987981, 6, 1.0388897399354575235, 5, 2.3495929951945334211e-6, 5, -0.1570623304445954993, 5, 2.3495929951945334211e-6, 6, 0.28832682500551043425
5.0999999999999996447, 1.001031702033874371, 5.0999999999999996447, 0.73473440986350635473, 5.0999999999999996447, 0.81107653521445288725, 6.0999999999999996447, 1.0408465864362126396, 5.0999999999999996447, 2.0885271068395852632e-6, 5.0999999999999996447, -0.3141419631240851551, 5.0999999999999996447, 2.0885271068395852632e-6, 6.0999999999999996447, 0.25716342153793836367
5.2000000000000001776, 1.001031702033874371, 5.2000000000000001776, 0.73473440986350635473, 5.2000000000000001776, 0.79872300728320555496, 6.2000000000000001776, 1.0405609856206443631, 5.2000000000000001776, 1.8535678073201320058e-6, 5.2000000000000001776, -0.29843573007962564958, 5.2000000000000001776, 1.8535678073201320058e-6, 6.2000000000000001776, 0.22987977409487991842
5.2999999999999998224, 1.001031702033874371, 5.2999999999999998224, 0.73473440986350635473, 5.2999999999999998224, 0.78330887607342336576, 6.2999999999999998224, 1.040898505733500734, 5.2999999999999998224, 1.6447150966361732254e-6, 5.2999999999999998224, -0.2670215337672172673, 5.2999999999999998224, 1.6447150966361732254e-6, 6.2999999999999998224, 0.20549610972897491834
5.4000000000000003553, 1.001031702033874371, 5.4000000000000003553, 0.73473440986350635473, 5.4000000000000003553, 0.76989884248505247033, 6.4000000000000003553, 1.0402903059207231351, 5.4000000000000003553, 1.4593583159041602789e-6, 5.4000000000000003553, -0.23717796075925479116, 5.4000000000000003553, 1.4593583159041602789e-6, 6.4000000000000003553, 0.18368222426308689066
5.5, 1.001031702033874371, 5.5, 0.73473440986350635473, 5.5, 0.76350758503476245931, 6.5, 1.0416061439737940297, 5.5, 1.2948868062405428293e-6, 5.5, -0.21047580738253302002, 5.5, 1.2948868062405428293e-6, 6.5, 0.16311320095625592153
5.5999999999999996447, 1.001031702033874371, 5.5999999999999996447, 0.73473440986350635473, 5.5999999999999996447, 0.83202724861978982762, 6.5999999999999996447, 1.0402657218118180893, 5.5999999999999996447, 1.1489509746501267591e-6, 5.5999999999999996447, -0.18675801130660740768, 5.5999999999999996447, 1.1489509746501267591e-6, 6.5999999999999996447, 0.14463153422328445252
5.7000000000000001776, 0.97252560325659787033, 5.7000000000000001776, 0.71466833906329352288, 5.7000000000000001776, 1.1159444747231253015, 6.7000000000000001776, 1.0409041654809501054, 5.7000000000000001776, 0.085164026673023779379, 5.7000000000000001776, -0.10683979924405706541, 5.7000000000000001776, 0.085164026673023779379, 6.7000000000000001776, 0.12661531020669691827
5.7999999999999998224, 1.0056982230577702353, 5.7999999999999998224, 0.93984299189517828133, 5.7999999999999998224, 1.1266006466526743424, 6.7999999999999998224, 1.0396169328907785001, 5.7999999999999998224, 0.10964670269189258356, 5.7999999999999998224, 0.13114544621820378723, 5.7999999999999998224, 0.10964670269189258356, 6.7999999999999998224, 0.10964706486973452293
5.9000000000000003553, 1.0089932973889343959, 5.9000000000000003553, 1.0284700991010977678, 5.9000000000000003553, 1.1086987964984920119, 6.9000000000000003553, 1.0387574237192040982, 5.9000000000000003553, 0.11831278275622608698, 5.9000000000000003553, 0.09732502455737979119, 5.9000000000000003553, 0.11831278275622608698, 6.9000000000000003553, 0.0929980717406750923
6, 1.0104177871103285913, 6, 1.0190109259859596591, 6, 1.0931011786901356775, 7, 1.0374333384748131159, 6, 0.12161049301636250863, 6, 0.060677103595402126501, 6, 0.12161049301636250863, 7, 0.076731477642189016564
6.0999999999999996447, 1.0112051683934433211, 6.0999999999999996447, 1.0196777023137664209, 6.0999999999999996447, 1.0784069277350800675, 7.0999999999999996447, 1.0353513403584735375, 6.0999999999999996447, 0.12168057081200489566, 6.0999999999999996447, 0.028340236361619641769, 6.0999999999999996447, 0.12168057081200489566, 7.0999999999999996447, 0.060990502795449597073
6.2000000000000001776, 1.0143004914697810737, 6.2000000000000001776, 1.0127975344103259392, 6.2000000000000001776, 1.0655960953748924158, 7.2000000000000001776, 1.0335007421826851726, 6.2000000000000001776, 0.11908424967427433394, 6.2000000000000001776, 0.003218770935404347, 6.2000000000000001776, 0.11908424967427433394, 7.2000000000000001776, 0.045457120619549096219
6.2999999999999998224, 1.014672184520121867, 6.2999999999999998224, 1.0121971553680848555, 6.2999999999999998224, 1.0541613416680735149, 7.2999999999999998224, 1.0309815157220159065, 6.2999999999999998224, 0.11511307434894511859, 6.2999999999999998224, -0.01837552455902713433, 6.2999999999999998224, 0.11511307434894511859, 7.2999999999999998224, 0.030484132911773098584
6.4000000000000003553, 1.0166207865641794239, 6.4000000000000003553, 1.0088683983005899414, 6.4000000000000003553, 1.0440383708722840161, 7.4000000000000003553, 1.0292560824269239017, 6.4000000000000003553, 0.10942381365158319884, 6.4000000000000003553, -0.035977666041153266718, 6.4000000000000003553, 0.10942381365158319884, 7.4000000000000003553, 0.019729229615980559132
6.5, 1.0171783783699850368, 6.5, 1.0069698350088989169, 6.5, 1.0352098063282151319, 7.5, 1.0285052956975087035, 6.5, 0.10273842126906211625, 6.5, -0.050812608559152483423, 6.5, 0.10273842126906211625, 7.5, 0.015983050047355229495
6.5999999999999996447, 1.0179067161005252995, 6.5999999999999996447, 1.0055298437601301043, 6.5999999999999996447, 1.0286074891248027097, 7.5999999999999996447, 1.0286458504800570779, 6.5999999999999996447, 0.095086575288466895772, 6.5999999999999996447, -0.063168067840594144258, 6.5999999999999996447, 0.095086575288466895772, 7.5999999999999996447, 0.013495922680969663077
6.7000000000000001776, 1.0183175465153393446, 6.7000000000000001776, 1.0037280348271246933, 6.7000000000000001776, 1.0236096194779695789, 7.7000000000000001776, 1.0284244064189393963, 6.7000000000000001776, 0.086646983538206434616, 6.7000000000000001776, -0.07327211555407275867, 6.7000000000000001776, 0.086646983538206434616, 7.7000000000000001776, 0.011986695594556673328
6.7999999999999998224, 1.0183202880990591677, 6.7999999999999998224, 1.0025529859334780802, 6.7999999999999998224, 1.0208237659654746388, 7.7999999999999998224, 1.0290483023693026698, 6.7999999999999998224, 0.077681601018806514802, 6.7999999999999998224, -0.072347981851057951985, 6.7999999999999998224, 0.077681601018806514802, 7.7999999999999998224, 0.010523275399691556231
6.9000000000000003553, 1.0182370853369164809, 6.9000000000000003553, 1.0031477889901641021, 6.9000000000000003553, 1.0200572197221846604, 7.9000000000000003553, 1.0288091644499446353, 6.9000000000000003553, 0.068226679197905690244, 6.9000000000000003553, -0.068537613346999481934, 6.9000000000000003553, 0.068226679197905690244, 7.9000000000000003553, 0.010065864542731395304
7, 1.0178055353081056911, 7, 1.0023680422319889427, 7, 1.0202093011363668751, 8, 1.0291801234976869495, 7, 0.058496842905364082599, 7, -0.06356145117776534903, 7, 0.058496842905364082599, 8, 0.0093707463645407163
7.0999999999999996447, 1.0171994398331623, 7.0999999999999996447, 1.0029750085737667575, 7.0999999999999996447, 1.0209559491943029919, 8.0999999999999996447, 1.0290788768327716607, 7.0999999999999996447, 0.048616162899783849083, 7.0999999999999996447, -0.060036821199389134307, 7.0999999999999996447, 0.048616162899783849083, 8.0999999999999996447, 0.0087766717977466601752
7.2000000000000001776, 1.0160972392383424978, 7.2000000000000001776, 1.0023008581511905213, 7.2000000000000001776, 1.0215167783475371799, 8.1999999999999992895, 1.0293277047333739826, 7.2000000000000001776, 0.040071749461796424274, 7.2000000000000001776, -0.056317612576317621631, 7.2000000000000001776, 0.040071749461796424274, 8.1999999999999992895, 0.0081772835066729054887
7.2999999999999998224, 1.0159831567980603939, 7.2999999999999998224, 1.0024999902680227226, 7.2999999999999998224, 1.0219825254182230978, 8.3000000000000007105, 1.0291508801034641163, 7.2999999999999998224, 0.034518368896580081673, 7.2999999999999998224, -0.053601924964982394783, 7.2999999999999998224, 0.034518368896580081673, 8.3000000000000007105, 0.0080096132914424522653
7.4000000000000003553, 1.0164278627771503594, 7.4000000000000003553, 1.0019562098540628625, 7.4000000000000003553, 1.0222304875604801833, 8.4000000000000003553, 1.0295651589875036702, 7.4000000000000003553, 0.030998872333904192722, 7.4000000000000003553, -0.051124612490769383299, 7.4000000000000003553, 0.030998872333904192722, 8.4000000000000003553, 0.0075394955628811377579
7.5, 1.0162781927779567237, 7.5, 1.0019729984258067823, 7.5, 1.0225600899184186243, 8.5, 1.0295437523760551102, 7.5, 0.027624103792484838715, 7.5, -0.049485367813992375829, 7.5, 0.027624103792484838715, 8.5, 0.0075865456322226076935
7.5999999999999996447, 1.0160926468644191356, 7.5999999999999996447, 1.0015489748639123668, 7.5999999999999996447, 1.0221577943107005293, 8.5999999999999996447, 1.0299036239469721021, 7.5999999999999996447, 0.02426419034338958558, 7.5999999999999996447, -0.047849932355635171888, 7.5999999999999996447, 0.02426419034338958558, 8.5999999999999996447, 0.0072206658577098625784
7.7000000000000001776, 1.0164841275411191646, 7.7000000000000001776, 1.0004035793555727807, 7.7000000000000001776, 1.0215066204475427014, 8.6999999999999992895, 1.0299352225705671326, 7.7000000000000001776, 0.021711039082337679762, 7.7000000000000001776, -0.046189597725587283605, 7.7000000000000001776, 0.021711039082337679762, 8.6999999999999992895, 0.0073762992548820349725
7.7999999999999998224, 1.0163129126364245369, 7.7999999999999998224, 1.0002348260114981571, 7.7999999999999998224, 1.0213400218329085067, 8.8000000000000007105, 1.0303537200621979419, 7.7999999999999998224, 0.018808653377562989384, 7.7999999999999998224, -0.042842035146446022509, 7.7999999999999998224, 0.018808653377562989384, 8.8000000000000007105, 0.0074586360244663918451
7.9000000000000003553, 1.0162349294035910585, 7.9000000000000003553, 1.0016698360124736134, 7.9000000000000003553, 1.0216188411801665481, 8.9000000000000003553, 1.0303968453970542285, 7.9000000000000003553, 0.01587576939918014518, 7.9000000000000003553, -0.036025024105875935732, 7.9000000000000003553, 0.01587576939918014518, 8.9000000000000003553, 0.0079554885224444316094
8, 1.0160415330828722613, 8, 1.0010442983976299836, 8, 1.0217715768973647528, 9, 1.0311790006103815909, 8, 0.013162722051121095168, 8, -0.032996201497794253044, 8, 0.013162722051121095168, 9, 0.0077737775918096385652
8.0999999999999996447, 1.0158396045504758387, 8.0999999999999996447, 1.0016212592896245326, 8.0999999999999996447, 1.0219101030768411587, 9.0999999999999996447, 1.0297351409317161419, 8.0999999999999996447, 0.010562455385323049617, 8.0999999999999996447, -0.028816893224727024858, 8.0999999999999996447, 0.010562455385323049617, 9.0999999999999996447, 0.009269310773800443215
8.1999999999999992895, 1.0156688572684036131, 8.1999999999999992895, 1.0017229897326340726, 8.1999999999999992895, 1.0220461815127659388, 9.1999999999999992895, 1.0306382147854340481, 8.1999999999999992895, 0.008359356791245664553, 8.1999999999999992895, -0.025379367202012836913, 8.1999999999999992895, 0.008359356791245664553, 9.1999999999999992895, 0.0087379384380483759998
8.3000000000000007105, 1.0155455149998195985, 8.3000000000000007105, 1.0014146065916817996, 8.3000000000000007105, 1.0221854338828200159, 9.3000000000000007105, 1.0313127911110924195, 8.3000000000000007105, 0.0065236479908044320286, 8.3000000000000007105, -0.022998074781083399643, 8.3000000000000007105, 0.0065236479908044320286, 9.3000000000000007105, 0.0088055399486901553274
8.4000000000000003553, 1.0153308246800070158, 8.4000000000000003553, 1.001665401032333369, 8.4000000000000003553, 1.0223110993015882553, 9.4000000000000003553, 1.0319719225595864742, 8.4000000000000003553, 0.0050308944437284508489, 8.4000000000000003553, -0.01980274272013726744, 8.4000000000000003553, 0.0050308944437284508489, 9.4000000000000003553, 0.0076931832310569436828
8.5, 1.0154573554680275116, 8.5, 1.0016602670610654791, 8.5, 1.0224405369312448144, 9.5, 1.0327793787812555859, 8.5, 0.0040662612871358860822, 8.5, -0.017236625313596043441, 8.5, 0.0040662612871358860822, 9.5, 0.01021586370670157784
8.5999999999999996447, 1.0153487571726691474, 8.5999999999999996447, 1.0017448727951487886, 8.5999999999999996447, 1.0225715790964400309, 9.5999999999999996447, 1.0329124602044394976, 8.5999999999999996447, 0.0031004947476221678127, 8.5999999999999996447, -0.01433031315997812527, 8.5999999999999996447, 0.0031004947476221678127, 9.5999999999999996447, 0.012890643107239529996
8.6999999999999992895, 1.015199276501968173, 8.6999999999999992895, 1.0018938111307482686, 8.6999999999999992895, 1.0226881068865965041, 9.6999999999999992895, 1.0336600749410005395, 8.6999999999999992895, 0.0024180397620444105122, 8.6999999999999992895, -0.011695578665566586096, 8.6999999999999992895, 0.0024180397620444105122, 9.6999999999999992895, 0.01326219267059114415
8.8000000000000007105, 1.015463669061967833, 8.8000000000000007105, 1.0022645555167886133, 8.8000000000000007105, 1.0227979556963067154, 9.8000000000000007105, 1.0355575114324722108, 8.8000000000000007105, 0.0023834013433858547426, 8.8000000000000007105, -0.0088089382960259143829, 8.8000000000000007105, 0.0023834013433858547426, 9.8000000000000007105, 0.015997158093226548914
8.9000000000000003553, 1.0159504780764636589, 8.9000000000000003553, 1.0024505221088588769, 8.9000000000000003553, 1.0228761579930942816, 9.9000000000000003553, 1.0377328300138031203, 8.9000000000000003553, 0.0031383376734999413049, 8.9000000000000003553, -0.0059450883906055906891, 8.9000000000000003553, 0.0031383376734999413049, 9.9000000000000003553, 0.024368650812677694617
9, 1.0114237724188637202, 9, 1.0007176372383423946, 9, 1.0230855746754550228, 10, 1.0422795484047997494, 9, -7.7491496455250885589e-5, 9, -0.0048305845462062180218, 9, -7.7491496455250885589e-5, 10, 0.045278937589031231781
9.0999999999999996447, 1.0164336330265224539, 9.0999999999999996447, 1.0017363301327284475, 9.0999999999999996447, 1.0231639626613659999, 10.099999999999999645, 1.053668587162971404, 9.0999999999999996447, 0.0024053007688030481059, 9.0999999999999996447, -0.0011160157399707770765, 9.0999999999999996447, 0.0024053007688030481059, 10.099999999999999645, 0.062090654268636580326
9.1999999999999992895, 1.0150212659178468044, 9.1999999999999992895, 1.0018429077388382176, 9.1999999999999992895, 1.0230903475346329046, 10.199999999999999289, 1.0430601601612252693, 9.1999999999999992895, 0.0017480637654656572266, 9.1999999999999992895, 0.0028718393186641932857, 9.1999999999999992895, 0.0017480637654656572266, 10.199999999999999289, 0.03474396859145589822
9.3000000000000007105, 1.0144282497753083216, 9.3000000000000007105, 1.0024544010247964376, 9.3000000000000007105, 1.0235482371311228622, 10.300000000000000711, 1.007593425144753807, 9.3000000000000007105, 0.0019663595300027369994, 9.3000000000000007105, 0.0052489085419114012154, 9.3000000000000007105, 0.0019663595300027369994, 10.300000000000000711, -0.1161749642661882298
9.4000000000000003553, 1.0146359220481053764, 9.4000000000000003553, 1.0021427211196969331, 9.4000000000000003553, 1.0232147403607749769, 10.400000000000000355, 0.99997187094326900336, 9.4000000000000003553, 0.0014912953040343290834, 9.4000000000000003553, 0.0097126439334123126912, 9.4000000000000003553, 0.0014912953040343290834, 10.400000000000000355, -0.25169935092060380377
9.5, 1.0148241889104885338, 9.5, 1.002569790683970119, 9.5, 1.0234802123717916533, 10.5, 1.0055602212343623947, 9.5, 0.001688377853684946972, 9.5, 0.015206387804107102113, 9.5, 0.001688377853684946972, 10.5, -0.35537844300047960466
9.5999999999999996447, 1.0159092661566231364, 9.5999999999999996447, 1.0032576227325165075, 9.5999999999999996447, 1.0233119347078125649, 10.599999999999999645, 1.0211779639844176248, 9.5999999999999996447, 0.001983137726521866373, 9.5999999999999996447, 0.020509270643791044364, 9.5999999999999996447, 0.001983137726521866373, 10.599999999999999645, -0.42889883420530017233
9.6999999999999992895, 1.016427295324846547, 9.6999999999999992895, 1.0040764088022127165, 9.6999999999999992895, 1.0232446853241314866, 10.699999999999999289, 1.0418086074133778851, 9.6999999999999992895, 0.0027164946753840402138, 9.6999999999999992895, 0.028755849075026151951, 9.6999999999999992895, 0.0027164946753840402138, 10.699999999999999289, -0.47699535648303603708
9.8000000000000007105, 1.0166417635376232553, 9.8000000000000007105, 1.0058197478096195798, 9.8000000000000007105, 1.0237887220679768863, 10.800000000000000711, 1.066384089954820702, 9.8000000000000007105, 0.0055897150257395999962, 9.8000000000000007105, 0.043647317487651271506, 9.8000000000000007105, 0.0055897150257395999962, 10.800000000000000711, -0.50393690452203432351
9.9000000000000003553, 1.0173972148976473395, 9.9000000000000003553, 1.0096777051321317309, 9.9000000000000003553, 1.0248734186599277596, 10.900000000000000355, 1.0918623821654349637, 9.9000000000000003553, 0.011488457895069831283, 9.9000000000000003553, 0.070344632721015099008, 9.9000000000000003553, 0.011488457895069831283, 10.900000000000000355, -0.51428297148387747129
10, 1.0183993361683074674, 10, 1.0231165165369535686, 10, 1.0244687993833043738, 11, 1.1167419894076058284, 10, 0.019600677225866697251, 10, 0.14052888756418857596, 10, 0.019600677225866697251, 11, -0.51188741209096777496
10.099999999999999645, 1.0032666295403569467, 10.099999999999999645, 1.0175306403021304735, 10.099999999999999645, 1.0273754118118159084, 11.099999999999999645, 1.1400285256917921384, 10.099999999999999645, 0.0395557045722501055, 10.099999999999999645, 0.18646433680709550984, 10.099999999999999645, 0.0395557045722501055, 11.099999999999999645, -0.49988810590478016671
10.199999999999999289, 1.005723634582820436, 10.199999999999999289, 1.0262812206553590944, 10.199999999999999289, 1.0166891878769201973, 11.199999999999999289, 1.1610466043365688105, 10.199999999999999289, -0.062180773423223520413, 10.199999999999999289, 0.13235264534717439133, 10.199999999999999289, -0.062180773423223520413, 11.199999999999999289, -0.4807873545277496774
10.300000000000000711, 1.0001447654232022977, 10.300000000000000711, 1.0070745094991027102, 10.300000000000000711, 1.0006509630860243032, 11.300000000000000711, 1.179359787159895534, 10.300000000000000711, -0.16447132044101767101, 10.300000000000000711, 0.004175821921703626316, 10.300000000000000711, -0.16447132044101767101, 11.300000000000000711, -0.45654652088185510017
10.400000000000000355, 1.0029942509931837336, 10.400000000000000355, 0.99996968193331203789, 10.400000000000000355, 1.0102400690112169901, 11.400000000000000355, 1.1947042252102622051, 10.400000000000000355, -0.24428376814528945937, 10.400000000000000355, -0.10622744014970919579, 10.400000000000000355, -0.24428376814528945937, 11.400000000000000355, -0.42868489424947020527
10.5, 1.0091991187137632213, 10.5, 1.0025996969690567084, 10.5, 1.0362877047917098405, 11.5, 1.2066188280729877036, 10.5, -0.3026688984280944128, 10.5, -6.0924763047098897673, 10.5, -0.3026688984280944128, 11.5, -0.39856644597756996085
10.599999999999999645, 1.022376041611266162, 10.599999999999999645, 1.0099874258286387629, 10.599999999999999645, 1.0693813238323994774, 11.599999999999999645, 1.2155202498171362446, 10.599999999999999645, -0.34141626239056888092, 10.599999999999999645, -6.0310800484738962268, 10.599999999999999645, -0.34141626239056888092, 11.599999999999999645, -0.36682510377004462487
10.699999999999999289, 1.0354271902128524552, 10.699999999999999289, 1.0198378928593980763, 10.699999999999999289, 1.1075448866455204211, 11.699999999999999289, 1.221557550622482502, 10.699999999999999289, -0.3652678606844472764, 10.699999999999999289, -0.1569126481998468492, 10.699999999999999289, -0.3652678606844472764, 11.699999999999999289, -0.33403904021938746194
10.800000000000000711, 1.0493646924730184455, 10.800000000000000711, 1.0318360635759813437, 10.800000000000000711, 1.1457164882226924529, 11.800000000000000711, 1.224586180672692981, 10.800000000000000711, -0.37711568505891096548, 10.800000000000000711, -0.05003232191101592008, 10.800000000000000711, -0.37711568505891096548, 11.800000000000000711, -0.30085716124250672099
10.900000000000000355, 1.063335671337033661, 10.900000000000000355, 1.0430152520247457648, 10.900000000000000355, 1.1820307187833805074, 11.900000000000000355, 1.224764648509502285, 10.900000000000000355, -0.37922979009111718041, 10.900000000000000355, -0.073496213444743219156, 10.900000000000000355, -0.37922979009111718041, 11.900000000000000355, -0.26766134288841381128
11, 1.0764967345305245239, 11, 1.0526931118142772714, 11, 1.2152618527768317414, 12, 1.2222901208578649257, 11, -0.37376042015020222165, 11, -0.098654665958322063091, 11, -0.37376042015020222165, 12, -0.23471565757349677206
11.099999999999999645, 1.0884465997394026093, 11.099999999999999645, 1.0609849130242061666, 11.099999999999999645, 1.2445877985266917687, 12.099999999999999645, 1.2173842383587254457, 11.099999999999999645, -0.36242728703943793978, 11.099999999999999645, -0.11325429960885946556, 11.099999999999999645, -0.36242728703943793978, 12.099999999999999645, -0.20220711129914703541
11.199999999999999289, 1.0991909867885523155, 11.199999999999999289, 1.0664048619529526984, 11.199999999999999289, 1.2695206079664103083, 12.199999999999999289, 1.2102904464167805187, 11.199999999999999289, -0.34669487007365112907, 11.199999999999999289, -0.11941567892263549311, 11.199999999999999289, -0.34669487007365112907, 12.199999999999999289, -0.17026352298570135435
11.300000000000000711, 1.1082096410955459831, 11.300000000000000711, 1.0706766682618402697, 11.300000000000000711, 1.2897839274556377465, 12.300000000000000711, 1.2012699454977149305, 11.300000000000000711, -0.32761007698500127505, 11.300000000000000711, -0.11858218278645527022, 11.300000000000000711, -0.32761007698500127505, 12.300000000000000711, -0.13896756539558374755
11.400000000000000355, 1.1152750447297734571, 11.400000000000000355, 1.0731623306387161332, 11.400000000000000355, 1.3054714767828483613, 12.400000000000000355, 1.1905955129280634264, 11.400000000000000355, -0.30608090755728750709, 11.400000000000000355, -0.11262415436180273076, 11.400000000000000355, -0.30608090755728750709, 12.400000000000000355, -0.10836984053195319877
11.5, 1.1205073999413710517, 11.5, 1.0738757753447170096, 11.5, 1.3163578346345032877, 12.5, 1.1785475018104798473, 11.5, -0.28273332333721246101, 11.5, -0.10290245463335301324, 11.5, -0.28273332333721246101, 12.5, -0.078499136506979372285
11.599999999999999645, 1.1239240016304559155, 11.599999999999999645, 1.0730369139394220213, 11.599999999999999645, 1.323050008214403217, 12.599999999999999645, 1.1654086784984716285, 11.599999999999999645, -0.25810957564152070542, 11.599999999999999645, -0.09039621975121026054, 11.599999999999999645, -0.25810957564152070542, 12.599999999999999645, -0.049371593777360889277
11.699999999999999289, 1.1255535396709290819, 11.699999999999999289, 1.0711772044180296604, 11.699999999999999289, 1.3259208671412345826, 12.699999999999999289, 1.1514625288201314479, 11.699999999999999289, -0.23265651587012842194, 11.699999999999999289, -0.075742473253560760327, 11.699999999999999289, -0.23265651587012842194, 12.699999999999999289, -0.020997405781419287152
11.800000000000000711, 1.1254744747782652325, 11.800000000000000711, 1.0682971887936050237, 11.800000000000000711, 1.3249450696510118863, 12.800000000000000711, 1.1372572044009994219, 11.800000000000000711, -0.20672098923625326083, 11.800000000000000711, -0.059611281368818325177, 11.800000000000000711, -0.20672098923625326083, 12.800000000000000711, 0.0067394371574471811925
11.900000000000000355, 1.123800902428498949, 11.900000000000000355, 1.0645154556405818091, 11.900000000000000355, 1.3204816218685386797, 12.900000000000000355, 1.1227534314030853668, 11.900000000000000355, -0.18057060886359860286, 11.900000000000000355, -0.0425145547160048487, 11.900000000000000355, -0.18057060886359860286, 12.900000000000000355, 0.033660283725817752298
12, 1.1206665539937101794, 12, 1.0600213219988683377, 12, 1.3128501008158572905, 13, 1.1079721238305877407, 12, -0.15441604661105151619, 12, -0.024833838060068558207, 12, -0.15441604661105151619, 13, 0.059623989662569876202
12.099999999999999645, 1.1162226130439236726, 12.099999999999999645, 1.0549948129084523174, 12.099999999999999645, 1.3023951169857703736, 13.099999999999999645, 1.0934953303569805438, 12.099999999999999645, -0.1284234611978571361, 12.099999999999999645, -0.0068754728108446627743, 12.099999999999999645, -0.1284234611978571361, 13.099999999999999645, 0.084746801741396593499
12.199999999999999289, 1.1106353223052105594, 12.199999999999999289, 1.0496039481150023498, 12.199999999999999289, 1.2894679068290009205, 13.199999999999999289, 1.0795295746049946572, 12.199999999999999289, -0.10272427193457434047, 12.199999999999999289, 0.011107780036971881543, 12.199999999999999289, -0.10272427193457434047, 13.199999999999999289, 0.10897047665944592509
12.300000000000000711, 1.1040814863249353017, 12.300000000000000711, 1.0440063617627974857, 12.300000000000000711, 1.2744264709559582904, 13.300000000000000711, 1.0662661039970968702, 12.300000000000000711, -0.077424362420273951102, 12.300000000000000711, 0.028903983040527325699, 12.300000000000000711, -0.077424362420273951102, 13.300000000000000711, 0.13220571478810372312
12.400000000000000355, 1.0967444899990823615, 12.400000000000000355, 1.0383485719110701062, 12.400000000000000355, 1.2576289323253333485, 13.400000000000000355, 1.0538973866789251854, 12.400000000000000355, -0.052611755467219911697, 12.400000000000000355, 0.04633207098913905142, 12.400000000000000355, -0.052611755467219911697, 13.400000000000000355, 0.15435507934844205913
12.5, 1.0883647374607949843, 12.5, 1.0327645680323018773, 12.5, 1.2394318075729908735, 13.5, 1.0425904285174769637, 12.5, -0.028550001843045347272, 12.5, 0.063234217802027536948, 12.5, -0.028550001843045347272, 13.5, 0.17530440295101379355
12.599999999999999645, 1.0798171897879320635, 12.599999999999999645, 1.0273744493096084174, 12.599999999999999645, 1.2201871290568988559, 13.599999999999999645, 1.0340952967136491925, 12.599999999999999645, -0.0050185449598170728258, 12.599999999999999645, 0.079470318127605743541, 12.599999999999999645, -0.0050185449598170728258, 13.599999999999999645, 0.1953394231261884606
12.699999999999999289, 1.0712531682404347055, 12.699999999999999289, 1.022283342574796805, 12.699999999999999289, 1.2002404507076673834, 13.699999999999999289, 1.0260086141432747109, 12.699999999999999289, 0.017917225500703459762, 12.699999999999999289, 0.094914268119139055813, 12.699999999999999289, 0.017917225500703459762, 13.699999999999999289, 0.21360264334395262509
12.800000000000000711, 1.0626517505529682328, 12.800000000000000711, 1.0180268425550784706, 12.800000000000000711, 1.1799280914378615925, 13.800000000000000711, 1.0184937604992714277, 12.800000000000000711, 0.040099755018725979916, 12.800000000000000711, 0.10953611109945615709, 12.800000000000000711, 0.040099755018725979916, 13.800000000000000711, 0.23001250269287454309
12.900000000000000355, 1.0541479378381533039, 12.900000000000000355, 1.0139488215053342746, 12.900000000000000355, 1.1599033536259359956, 13.900000000000000355, 1.0124458129560838238, 12.900000000000000355, 0.061434306220060908021, 12.900000000000000355, 0.12307995198188814712, 12.900000000000000355, 0.061434306220060908021, 13.900000000000000355, 0.24466706518425107575
13, 1.0459113971335896043, 13, 1.0101471484479831453, 13, 1.139856246982825283, 14, 1.0076642650078746488, 13, 0.081848641833343394048, 13, 0.13546893157494865889, 13, 0.081848641833343394048, 14, 0.2574310239914652243
13.099999999999999645, 1.0380869567442465584, 13.099999999999999645, 1.0069436648219356467, 13.099999999999999645, 1.1202779710288912618, 14.099999999999999645, 1.0023106540087389771, 13.099999999999999645, 0.10126327043039273779, 13.099999999999999645, 0.14667794071754736152, 13.099999999999999645, 0.10126327043039273779, 14.099999999999999645, 0.26806724142881210859
13.199999999999999289, 1.0316083065623422588, 13.199999999999999289, 1.0043486433194914742, 13.199999999999999289, 1.1015931467303368141, 14.199999999999999289, 1.0008697470311920252, 13.199999999999999289, 0.11979364660499811079, 13.199999999999999289, 0.15663664957578449233, 13.199999999999999289, 0.11979364660499811079, 14.199999999999999289, 0.27686851875068652085
13.300000000000000711, 1.0249573733136465581, 13.300000000000000711, 1.0023359800773001815, 13.300000000000000711, 1.0840033284771739552, 14.300000000000000711, 0.99970820791107606329, 13.300000000000000711, 0.13692538422264677322, 13.300000000000000711, 0.16528098753745101845, 13.300000000000000711, 0.13692538422264677322, 14.300000000000000711, 0.28349980680076658501
13.400000000000000355, 1.0189368727101697498, 13.400000000000000355, 1.0008911992773710242, 13.400000000000000355, 1.0677320155442651117, 14.400000000000000355, 0.99006471008711127713, 13.400000000000000355, 0.15274439687702881518, 13.400000000000000355, 0.17256477171529738257, 13.400000000000000355, 0.15274439687702881518, 14.400000000000000355, 0.28820017048912283109
13.5, 1.0139173593202754908, 13.5, 1.0012991908110369099, 13.5, 1.0529718383524724334, 14.5, 0.96969941768708711738, 13.5, 0.1672441264338027922, 13.5, 0.17849683607444788436, 13.5, 0.1672441264338027922, 14.5, 0.29214925149520776237
13.599999999999999645, 1.0094953263904069551, 13.599999999999999645, 1.0018449260400097423, 13.599999999999999645, 1.0398765549220085891, 14.599999999999999645, 0.94081298801840274049, 13.599999999999999645, 0.18026559157938823463, 13.599999999999999645, 0.18296370485638258074, 13.599999999999999645, 0.18026559157938823463, 14.599999999999999645, 0.29612435119501112624
13.699999999999999289, 1.0050193288133355551, 13.699999999999999289, 1.0019468907424866622, 13.699999999999999289, 1.0301734032636480354, 14.699999999999999289, 0.90498491544660542019, 13.699999999999999289, 0.19165978004942046953, 13.699999999999999289, 6.0971911353842020986, 13.699999999999999289, 0.19165978004942046953, 14.699999999999999289, 0.30081417798293941246
13.800000000000000711, 1.0016889764492453718, 13.800000000000000711, 1.0023869532808717953, 13.800000000000000711, 1.0216918345824941294, 14.800000000000000711, 0.86369113319474000168, 13.800000000000000711, 0.20154145913125320888, 13.800000000000000711, 6.0955476398776333724, 13.800000000000000711, 0.20154145913125320888, 14.800000000000000711, 0.30676213945609243083
13.900000000000000355, 1.0010618774045387802, 13.900000000000000355, 1.002343870459692754, 13.900000000000000355, 1.0140459877126526411, 14.900000000000000355, 0.81831217374029263656, 13.900000000000000355, 0.20993354963320298712, 13.900000000000000355, 0.049492017885346850647, 13.900000000000000355, 0.20993354963320298712, 14.900000000000000355, 0.31441749603195301432
14, 0.9921374311465269713, 14, 1.001525368597657506, 14, 1.0083296361988487444, 15, 0.7701107764607445505, 14, 0.21687309310349892066, 14, -0.091510719417515762331, 14, 0.21687309310349892066, 15, 0.32418554345143202333
14.099999999999999645, 0.9721875457137213461, 14.099999999999999645, 1.0026537621818656376, 14.099999999999999645, 1.0045184655214687286, 15.099999999999999645, 0.72023478017274800145, 14.099999999999999645, 0.22244662429022851735, 14.099999999999999645, -0.085071917171728905771, 14.099999999999999645, 0.22244662429022851735, 15.099999999999999645, 0.33646179373259021972
14.199999999999999289, 0.94315592645464607635, 14.199999999999999289, 1.0002950549522577894, 14.199999999999999289, 1.0006445988935295244, 15.199999999999999289, 0.66971688934416107042, 14.199999999999999289, 0.22748325365856159053, 14.199999999999999289, -0.068198410943627330028, 14.199999999999999289, 0.22748325365856159053, 15.199999999999999289, 0.35165361841285380784
14.300000000000000711, 0.90660215212961481335, 14.300000000000000711, 0.98554177232266715336, 14.300000000000000711, 1.0004717383893333427, 15.300000000000000711, 0.61948431854591901047, 14.300000000000000711, 0.23271449175616004679, 14.300000000000000711, -0.054016745534513965765, 14.300000000000000711, 0.23271449175616004679, 15.300000000000000711, 0.37019752747185319386
14.400000000000000355, 0.86409356939898673833, 14.400000000000000355, 0.95953364181209599426, 14.400000000000000355, 1.0008029566035152591, 15.400000000000000355, 0.57036497506332284324, 14.400000000000000355, 0.23870320741503472939, 14.400000000000000355, -0.042952460655387270094, 14.400000000000000355, 0.23870320741503472939, 15.400000000000000355, 0.39256545983837165537
14.5, 0.81707812305136395814, 14.5, 0.92467033803573861483, 14.5, 0.99569681323727154965, 15.5, 0.52309402175917718569, 14.5, 0.24592069236053315517, 14.5, -0.034319579245281506275, 14.5, 0.24592069236053315517, 15.5, 0.41925880203195342588
14.599999999999999645, 0.76686753531737472667, 14.599999999999999645, 0.8823892942084106128, 14.599999999999999645, 0.97962507701422374407, 15.599999999999999645, 0.47832075650581179493, 14.599999999999999645, 0.25478533550450077616, 14.599999999999999645, -0.027551906491971145385, 14.599999999999999645, 0.25478533550450077616, 15.599999999999999645, 0.45078487169398995249
14.699999999999999289, 0.71465026717263724354, 14.699999999999999289, 0.83428310435344821272, 14.699999999999999289, 0.95538809059240159538, 15.699999999999999289, 0.43661395781337403177, 14.699999999999999289, 0.26570886794224024552, 14.699999999999999289, -0.022210978130227321259, 14.699999999999999289, 0.26570886794224024552, 15.699999999999999289, 0.48760656717861450282
14.800000000000000711, 0.66150061665436243885, 14.800000000000000711, 0.78180563835191962951, 14.800000000000000711, 0.92377926402013899043, 15.800000000000000711, 0.39846394396278744798, 14.800000000000000711, 0.27913418929098177124, 14.800000000000000711, -0.017969249084548000184, 14.800000000000000711, 0.27913418929098177124, 15.800000000000000711, 0.53005428331743953407
14.900000000000000355, 0.60837863400101910294, 14.900000000000000355, 0.72626673091663529469, 14.900000000000000355, 0.88624968732243425418, 15.900000000000000355, 0.3642791257724072862, 14.900000000000000355, 0.29555596122232052902, 14.900000000000000355, -0.014580428966188385687, 14.900000000000000355, 0.29555596122232052902, 15.900000000000000355, 0.57819154208211198664
15, 0.55613734363287437024, 15, 0.66883432609834025939, 15, 0.84418556563761282252, 16, 0.3343748447941832791, 15, 0.31554565474200563235, 15, -0.011857443623922936382, 15, 0.31554565474200563235, 16, 0.63163767368624856857
15.099999999999999645, 0.50553407794286497889, 15.099999999999999645, 0.61053843669632945623, 15.099999999999999645, 0.79886551495186908234, 16.100000000000001421, 0.30895356039177374052, 15.099999999999999645, 0.33976659813237308772, 15.099999999999999645, -0.009656715044003227888, 15.099999999999999645, 0.33976659813237308772, 16.100000000000001421, 0.68937776090363311887
15.199999999999999289, 0.45724040996280962412, 15.199999999999999289, 0.55227654493626998633, 15.199999999999999289, 0.75145846785520142852, 16.199999999999999289, 0.28807878666585495786, 15.199999999999999289, 0.36898458757589802648, 15.199999999999999289, -0.0078669202911756386243, 15.199999999999999289, 0.36898458757589802648, 16.199999999999999289, 0.74962958557356440537
15.300000000000000711, 0.41185297808733745129, 15.300000000000000711, 0.49482009231654150438, 15.300000000000000711, 0.70302580002306802598, 16.300000000000000711, 0.27165037339496911351, 15.300000000000000711, 0.40406030121002844968, 15.300000000000000711, -0.0064008027347584040001, 15.300000000000000711, 0.40406030121002844968, 16.300000000000000711, 0.80986746484810456792
15.400000000000000355, 0.36990367388893030665, 15.400000000000000355, 0.43882178772676311285, 15.400000000000000355, 0.65452510227301041734, 16.399999999999998579, 0.2593931994508330563, 15.400000000000000355, 0.44590585846477709397, 15.400000000000000355, -0.0051890620761310124465, 15.400000000000000355, 0.44590585846477709397, 16.399999999999998579, 0.86708205494598100671
15.5, 0.33186670289020003821, 15.5, 0.38482350101258294695, 15.5, 0.60681494562419635574, 16.5, 0.25087057718760924496, 15.5, 0.49537825245339034419, 15.5, -0.0041756433682218485615, 15.5, 0.49537825245339034419, 16.5, 5.3649274682519560997
15.599999999999999645, 0.298158669994693315, 15.599999999999999645, 0.33326454480959233351, 15.599999999999999645, 0.56065999254302989474, 16.600000000000001421, 0.24552519288157215183, 15.599999999999999645, 0.55307341740186299894, 15.599999999999999645, -0.0033138959312717375383, 15.599999999999999645, 0.55307341740186299894, 16.600000000000001421, 5.3222652479542080783
15.699999999999999289, 0.2691262406383692074, 15.699999999999999289, 0.28449017346448490784, 15.699999999999999289, 0.51673561149147650973, 16.699999999999999289, 0.24273827859311353228, 15.699999999999999289, 0.61899159766470801536, 15.699999999999999289, -0.0025631116302546885777, 15.699999999999999289, 0.61899159766470801536, 16.699999999999999289, 5.3548951962106130509
15.800000000000000711, 0.24501592634661378822, 15.800000000000000711, 0.23876015144850187832, 15.800000000000000711, 0.47563087427484956882, 16.800000000000000711, 0.24170287902786025125, 15.800000000000000711, 0.69209383848629668634, 15.800000000000000711, -0.0018848339217849563454, 15.800000000000000711, 0.69209383848629668634, 16.800000000000000711, 5.3941508852296884413
15.900000000000000355, 0.22592533406236323112, 15.900000000000000355, 0.19625726515557279095, 15.900000000000000355, 0.43784853089197456333, 16.899999999999998579, 0.24168841566586801717, 15.900000000000000355, 0.76988468046121494304, 15.900000000000000355, -0.0012378954785758899959, 15.900000000000000355, 0.76988468046121494304, 16.899999999999998579, 5.4406946122562764856
16, 0.21174737465084464416, 16, 0.1570956715336875309, 16, 0.40380044302508716347, 17, 0.24207283263935794326, 16, 0.84830036836938438327, 16, -0.00056988294565440966721, 16, 0.84830036836938438327, 17, 5.4944437281609985746
16.100000000000001421, 0.20213407827095700164, 16.100000000000001421, 0.12132899530015103795, 16.100000000000001421, 0.37379735202135311312, 17.100000000000001421, 0.24235118904927849259, 16.100000000000001421, 0.92219623150627239028, 16.100000000000001421, 0.00020113367190610631496, 16.100000000000001421, 0.92219623150627239028, 17.100000000000001421, 5.5548865362673600643
16.199999999999999289, 0.19650972504396505003, 16.199999999999999289, 0.088958104816947713989, 16.199999999999999289, 0.34803320640475254866, 17.199999999999999289, 0.24213007134115488439, 16.199999999999999289, 0.98643876865354152006, 16.199999999999999289, 0.0012345329831986440183, 16.199999999999999289, 0.98643876865354152006, 17.199999999999999289, 0.66185211761820639254
16.300000000000000711, 0.19414147528669994935, 16.300000000000000711, 0.059938521092135106649, 16.300000000000000711, 0.32656683005582237689, 17.300000000000000711, 0.24111558949848002631, 16.300000000000000711, 1.0371482432493541737, 16.300000000000000711, 0.0029270199624988890719, 16.300000000000000711, 1.0371482432493541737, 17.300000000000000711, 0.59010249432429207062
16.399999999999998579, 0.19424225450046347929, 16.399999999999998579, 0.034187492528441359996, 16.399999999999998579, 0.30930693397177005943, 17.399999999999998579, 0.23909994317346033865, 16.399999999999998579, 1.0724696227398786696, 16.399999999999998579, 0.0066879708746343524695, 16.399999999999998579, 1.0724696227398786696, 17.399999999999998579, 0.60455977622405621119
16.5, 0.1960655304097650431, 16.5, 0.011591861926820079196, 16.5, 0.29600857048913353786, 17.5, 0.2361214895027517191, 16.5, 1.0925884677833987979, 16.5, 0.023889045738048508838, 16.5, 1.0925884677833987979, 17.5, 0.6229772609864867583
16.600000000000001421, 0.19896530501591622175, 16.600000000000001421, 0.0080038854205993006929, 16.600000000000001421, 0.28628773194376971878, 17.600000000000001421, 0.23228076360928473498, 16.600000000000001421, 1.099188656340513992, 16.600000000000001421, 3.100117496006568274, 16.600000000000001421, 1.099188656340513992, 17.600000000000001421, 0.6379794092615007628
16.699999999999999289, 0.202418550057690938, 16.699999999999999289, 0.024734564413279234302, 16.699999999999999289, 0.2796551275632029876, 17.699999999999999289, 0.22770274090023381874, 16.699999999999999289, 1.0947433974437037474, 16.699999999999999289, 3.1236280299603707, 16.699999999999999289, 1.0947433974437037474, 17.699999999999999289, 0.65013886225410288944
16.800000000000000711, 0.20602176228586810414, 16.800000000000000711, 0.039003609423470343709, 16.800000000000000711, 0.27556280907219493637, 17.800000000000000711, 0.22252203977533929757, 16.800000000000000711, 1.0819242534049342552, 16.800000000000000711, 2.9710896201759440238, 16.800000000000000711, 1.0819242534049342552, 17.800000000000000711, 0.6605447333504177454
16.899999999999998579, 0.20947510633695734517, 16.899999999999998579, 0.051400829948354626042, 16.899999999999998579, 0.27345274872030256308, 17.899999999999998579, 0.21687486451576959423, 16.899999999999998579, 1.0632258944155146274, 16.899999999999998579, 2.8169305434771652052, 16.899999999999998579, 1.0632258944155146274, 17.899999999999998579, 0.67005708668341168455
17, 0.21256352369184200457, 17, 0.062382639006528538272, 17, 0.27279724516811215684, 18, 0.21089176670684672832, 17, 1.0407837385984848311, 17, 2.6640287504619921677, 17, 1.0407837385984848311, 18, 0.67929587809172997659
17.100000000000001421, 0.21513929733129849575, 17.100000000000001421, 0.072284510556071948639, 17.100000000000001421, 0.27312577788322728312, 18.100000000000001421, 0.20469688746251238354, 17.100000000000001421, 1.0163215666704086271, 17.100000000000001421, 2.51379018676677779, 17.100000000000001421, 1.0163215666704086271, 18.100000000000001421, 0.68868433560108188729
17.199999999999999289, 0.21710760355490307805, 17.199999999999999289, 0.081341316681151784596, 17.199999999999999289, 0.27403823521374431893, 18.199999999999999289, 0.19840425679073264709, 17.199999999999999289, 0.99117125287026341951, 17.199999999999999289, 2.3671248853059618789, 17.199999999999999289, 0.99117125287026341951, 18.199999999999999289, 0.69849193994743097313
17.300000000000000711, 0.21841505771965438742, 17.300000000000000711, 0.089706758903467534449, 17.300000000000000711, 0.27520752472549514511, 18.300000000000000711, 0.19211621736911413394, 17.300000000000000711, 0.96632471243107054271, 17.300000000000000711, 2.2246292344134883656, 17.300000000000000711, 0.96632471243107054271, 18.300000000000000711, 0.70886625807393310872
17.399999999999998579, 0.21904073088037143147, 17.399999999999998579, 0.097470997690255772872, 17.399999999999998579, 0.27637547729672451435, 18.399999999999998579, 0.18592288998402911604, 17.399999999999998579, 0.94249480848170819058, 17.399999999999998579, 2.0866519726307029003, 17.399999999999998579, 0.94249480848170819058, 18.399999999999998579, 0.7198579412848553627
17.5, 0.21898904490628026687, 17.5, 0.10467608797947894339, 17.5, 0.2773453776885766997, 18.5, 0.17989903869715417883, 17.5, 0.92017343165508669323, 17.5, 1.9533395638202826206, 17.5, 0.92017343165508669323, 18.5, 0.73143083674417108675
17.600000000000001421, 0.21828405959692620542, 17.600000000000001421, 0.11132888438320311109, 17.600000000000001421, 0.27797333706805626985, 18.600000000000001421, 0.17410651357948017659, 17.600000000000001421, 0.89968181447280226593, 17.600000000000001421, 1.8246763313214711122, 17.600000000000001421, 0.89968181447280226593, 18.600000000000001421, 0.74348750050917589149
17.699999999999999289, 0.21696476632630304349, 17.699999999999999289, 0.11741180462429784415, 17.699999999999999289, 0.27815981960062785561, 18.699999999999999289, 0.16859344868581174759, 17.699999999999999289, 0.88121178040006631349, 17.699999999999999289, 1.7005221858757362252, 17.699999999999999289, 0.88121178040006631349, 18.699999999999999289, 0.75587968719096032544
17.800000000000000711, 0.21508117353150557616, 17.800000000000000711, 0.12289157296454442103, 17.800000000000000711, 0.27784192137351704233, 18.800000000000000711, 0.16339463403990847623, 17.800000000000000711, 0.86485833850909132892, 17.800000000000000711, 1.5806454838176258182, 17.800000000000000711, 0.86485833850909132892, 18.800000000000000711, 0.76842113396473954445
17.899999999999998579, 0.21269100208552929598, 17.899999999999998579, 0.12772834836303809114, 17.899999999999998579, 0.27698659169960609949, 18.899999999999998579, 0.1585322020707861379, 17.899999999999998579, 5.4325405288762276257, 17.899999999999998579, 1.4647556470796621042, 17.899999999999998579, 5.4325405288762276257, 18.899999999999998579, 0.78090079602774209455
18, 0.20985687680275821876, 18, 0.13187466822800963939, 18, 0.27558480116468242471, 19, 0.15401658527035452795, 18, 5.4446437028814163028, 18, 1.3525050269269671688, 18, 5.4446437028814163028, 19, 0.79309631646832468022
18.100000000000001421, 0.20664393700235858531, 18.100000000000001421, 0.13528578429449980569, 18.100000000000001421, 0.27364656909880574753, 19.100000000000001421, 0.14984773184169838944, 18.100000000000001421, 5.5267198744100616281, 18.100000000000001421, 1.2541294122003001643, 18.100000000000001421, 5.5267198744100616281, 19.100000000000001421, 0.80478738808563210494
18.199999999999999289, 0.20296565767327437446, 18.199999999999999289, 0.13793925322930852828, 18.199999999999999289, 0.27120509453645402775, 19.199999999999999289, 0.14601652935515044285, 18.199999999999999289, 5.6086979906998983836, 18.199999999999999289, 1.1699019244239523552, 18.199999999999999289, 5.6086979906998983836, 19.199999999999999289, 0.81576835770850097962
18.300000000000000711, 0.19875585079537774758, 18.300000000000000711, 0.13983626094549000962, 18.300000000000000711, 0.26828233320717065347, 19.300000000000000711, 0.14250637477947952769, 18.300000000000000711, 5.6910261791550240673, 18.300000000000000711, 1.0981351618678825144, 18.300000000000000711, 5.6910261791550240673, 19.300000000000000711, 0.82585927527354152655
18.399999999999998579, 0.19396110283343862002, 18.399999999999998579, 0.14099812639987871488, 18.399999999999998579, 0.26491685798685393749, 19.399999999999998579, 0.13929481744514574104, 18.399999999999998579, 5.7741121997359083906, 18.399999999999998579, 1.0371700991195733632, 18.399999999999998579, 5.7741121997359083906, 19.399999999999998579, 0.83491462409361050234
18.5, 0.18855172356970509306, 18.5, 0.14146229645967609012, 18.5, 0.26116466053851361551, 19.5, 0.1363551970663035573, 18.5, 0.42486392536437422862, 18.5, 0.98557041292470803917, 18.5, 0.42486392536437422862, 19.5, 0.84282916518883710388
18.600000000000001421, 0.18251928373924355964, 18.600000000000001421, 0.14127857034635496469, 18.600000000000001421, 0.25708556990130321251, 19.600000000000001421, 0.13365820271846023948, 18.600000000000001421, 0.33917210700882893804, 18.600000000000001421, 0.94211367092612707808, 18.600000000000001421, 0.33917210700882893804, 19.600000000000001421, 0.8495406371167124604
18.699999999999999289, 0.17587548666317806556, 18.699999999999999289, 0.14050571197256306322, 18.699999999999999289, 0.25274033129456374702, 19.699999999999999289, 0.13117328998829552722, 18.699999999999999289, 0.36622251584722098627, 18.699999999999999289, 0.9057613737021028566, 18.699999999999999289, 0.36622251584722098627, 19.699999999999999289, 0.85502939921016862801
18.800000000000000711, 0.16875348485841792923, 18.800000000000000711, 0.13920847200795022358, 18.800000000000000711, 0.24818901911850896336, 19.800000000000000711, 0.12886991016019588852, 18.800000000000000711, 0.40112249193974847117, 18.800000000000000711, 0.87563036346010514333, 18.800000000000000711, 0.40112249193974847117, 19.800000000000000711, 0.85931541593255089673
18.899999999999998579, 0.16130555134812973872, 18.899999999999998579, 0.13745512961965775101, 18.899999999999998579, 0.24350435770736489349, 19.899999999999998579, 0.12671852428051672002, 18.899999999999998579, 0.43368227775237100374, 18.899999999999998579, 0.85097509005968208218, 18.899999999999998579, 0.43368227775237100374, 19.899999999999998579, 0.86245319841586631782
19, 0.15368364477622473152, 19, 0.13531545385621351896, 19, 0.23872021798697892758, 20, 0.12469139331985581998, 19, 0.46402000259082631928, 19, 0.83114087152330307084, 19, 0.46402000259082631928, 20, 0.86452542175937041602
19.100000000000001421, 0.14603195966582424581, 19.100000000000001421, 0.13285848482596210318, 19.100000000000001421, 0.23388159093077076633, 20.100000000000001421, 0.12276315122033192029, 19.100000000000001421, 0.49311126084186440721, 19.100000000000001421, 0.81555784839186129531, 19.100000000000001421, 0.49311126084186440721, 20.100000000000001421, 0.86563592865621830086
19.199999999999999289, 0.13848297052393715445, 19.199999999999999289, 0.13015103365896107945, 19.199999999999999289, 0.22903083868826182301, 20.199999999999999289, 0.12091117915082301437, 19.199999999999999289, 0.52178013941064538272, 19.199999999999999289, 0.80372513410018031621, 19.199999999999999289, 0.52178013941064538272, 20.199999999999999289, 0.86590273757577906899
19.300000000000000711, 0.13115505402357408027, 19.300000000000000711, 0.1272564546792929463, 19.300000000000000711, 0.22420548146054150584, 20.300000000000000711, 0.11911580653505816907, 19.300000000000000711, 0.55062295814051465115, 19.300000000000000711, 0.79519672725681878056, 19.300000000000000711, 0.55062295814051465115, 20.300000000000000711, 0.86545153217734094309
19.399999999999998579, 0.12415094565305484497, 19.399999999999998579, 0.12423367484642024172, 19.399999999999998579, 0.21943791660726574833, 20.399999999999998579, 0.11736036780633719856, 19.399999999999998579, 0.58002166602897453629, 19.399999999999998579, 0.78956965151468427866, 19.399999999999998579, 0.58002166602897453629, 20.399999999999998579, 0.86440995150793931145
19.5, 0.11755664311281606438, 19.5, 0.1211364517705955518, 19.5, 0.21475536595828878528, 20.5, 0.11563114403658684981, 19.5, 0.61015673099239831068, 19.5, 0.78647420071807205844, 19.5, 0.61015673099239831068, 20.5, 0.86290285170730762765
19.600000000000001421, 0.11144056339062387295, 19.600000000000001421, 0.1180128359157767981, 19.600000000000001421, 0.21017994740140116816, 20.600000000000001421, 0.1139172180999769024, 19.600000000000001421, 0.64101465610871044554, 19.600000000000001421, 0.78556617856111088383, 19.600000000000001421, 0.64101465610871044554, 20.600000000000001421, 0.86104860297831042892
19.699999999999999289, 0.10585290241360953423, 19.699999999999999289, 0.11490481732630247746, 19.699999999999999289, 0.20572885370843818631, 20.699999999999999289, 0.11221026558939371787, 19.699999999999999289, 0.67239536656004772475, 19.699999999999999289, 0.7865210595516061165, 19.699999999999999289, 0.67239536656004772475, 20.699999999999999289, 0.85895635274299797501
19.800000000000000711, 0.10082526119533814779, 19.800000000000000711, 0.11184814121490761762, 19.800000000000000711, 0.20141462533281045966, 20.800000000000000711, 0.11050430478856704264, 19.800000000000000711, 0.70392602553376515395, 19.800000000000000711, 0.78903001292900398767, 19.800000000000000711, 0.70392602553376515395, 20.800000000000000711, 0.85672419402031729785
19.899999999999998579, 0.096370687660288431586, 19.899999999999998579, 0.1088722796021214384, 19.899999999999998579, 0.19724550267879534249, 20.899999999999998579, 0.10879542263519462186, 19.899999999999998579, 0.73508715377813627079, 19.899999999999998579, 0.7927977145471096776, 19.899999999999998579, 0.73508715377813627079, 20.899999999999998579, 0.85443809934040559906
20, 0.092484321015467857441, 20, 0.10600054760384104713, 20, 0.1932258418369287023, 21, 0.10708149069028781442, 20, 0.76525446272372055212, 20, 0.79754182323249467323, 20, 0.76525446272372055212, 21, 0.85217148175434564994
20.100000000000001421, 0.089144795935281087584, 20.100000000000001421, 0.10325035279239341834, 20.100000000000001421, 0.18935657662530738787, 21.100000000000001421, 0.10536188197221284246, 20.100000000000001421, 0.79375562888899686698, 20.100000000000001421, 0.80299392374182643195, 20.100000000000001421, 0.79375562888899686698, 21.100000000000001421, 0.84998524939801078926
20.199999999999999289, 0.086316462188793616206, 20.199999999999999289, 0.10063356439366136219, 20.199999999999999289, 0.18563570925844241621, 21.199999999999999289, 0.103637197734167949, 20.199999999999999289, 0.81993628813357855023, 20.199999999999999289, 0.80890165044804507311, 20.199999999999999289, 0.81993628813357855023, 21.199999999999999289, 0.84792823769254543897
20.300000000000000711, 0.083952324774964212639, 20.300000000000000711, 0.098156986267097179333, 20.300000000000000711, 0.18205881222887865256, 21.300000000000000711, 0.10190900877977759897, 20.300000000000000711, 0.84322557396177821865, 20.300000000000000711, 0.81503162156131980787, 20.300000000000000711, 0.84322557396177821865, 21.300000000000000711, 0.84603790666040890045
20.399999999999998579, 0.081997458940946482686, 20.399999999999998579, 0.095822914216882368321, 20.399999999999998579, 0.17861952505632927579, 21.399999999999998579, 0.10017961702015368286, 20.399999999999998579, 0.86319032416554808407, 20.399999999999998579, 0.82117275220060781393, 20.399999999999998579, 0.86319032416554808407, 21.399999999999998579, 0.84434122834573299698
20.5, 0.080392558185679488525, 20.5, 0.093629764298125708888, 20.5, 0.17517901141913558294, 21.5, 0.098451839943109784037, 20.5, 0.8795693407474549641, 20.5, 0.82713950364187360798, 20.5, 0.8795693407474549641, 21.5, 0.84285569402401261385
20.600000000000001421, 0.079077261631082043647, 20.600000000000001421, 0.091572701972673919979, 20.600000000000001421, 0.17160797072920783157, 21.600000000000001421, 0.096728819652913564098, 20.600000000000001421, 0.89228384148672801324, 20.600000000000001421, 0.83277455971920755218, 20.600000000000001421, 0.89228384148672801324, 21.600000000000001421, 0.84159038747791470314
20.699999999999999289, 0.077992981333500729924, 20.699999999999999289, 0.089644324141153378105, 20.699999999999999289, 0.16779674791671683742, 21.699999999999999289, 0.09501385721337067547, 20.699999999999999289, 0.90142581852938175047, 20.699999999999999289, 0.83795079588350751543, 20.699999999999999289, 0.90142581852938175047, 21.699999999999999289, 0.84054708389709420491
20.800000000000000711, 0.077085069732577726764, 20.800000000000000711, 0.087835313546861443212, 20.800000000000000711, 0.16365744729970063687, 21.800000000000000711, 0.09331027225681469417, 20.800000000000000711, 0.90722995316772558905, 20.800000000000000711, 0.8425720848210644931, 20.800000000000000711, 0.90722995316772558905, 21.800000000000000711, 0.83972134414101440303
20.899999999999998579, 0.076304290618994075057, 20.899999999999998579, 0.086135054467661745226, 20.899999999999998579, 0.15912481291754917989, 21.899999999999998579, 0.091621316433091126719, 20.899999999999998579, 0.91003656011452771502, 20.899999999999998579, 0.84657289041742300739, 20.899999999999998579, 0.91003656011452771502, 21.899999999999998579, 0.83910339246644860545
21, 0.07560765311511138953, 21, 0.084532191682961110857, 21, 0.15415632900256356907, 22, 0.089949957641727196211, 21, 0.91025259845649497681, 21, 0.8499166993298750139, 21, 0.91025259845649497681, 22, 0.838680062496832468
21.100000000000001421, 0.074958722007533021281, 21.100000000000001421, 0.083015114402787859582, 21.100000000000001421, 0.1488245321369472407, 22.100000000000001421, 0.088298901865963022595, 21.100000000000001421, 0.90831599121088857363, 21.100000000000001421, 0.85259347468945723136, 21.100000000000001421, 0.90831599121088857363, 22.100000000000001421, 0.83843550765975072281
21.199999999999999289, 0.074327542081528946705, 21.199999999999999289, 0.08157238521661543118, 21.199999999999999289, 0.14323154803466767171, 22.199999999999999289, 0.086670665275180719389, 21.199999999999999289, 0.90466633329159096277, 21.199999999999999289, 0.85461622832366690439, 21.199999999999999289, 0.90466633329159096277, 22.199999999999999289, 0.83835062578164998293
21.300000000000000711, 0.073690287160482578765, 21.300000000000000711, 0.080193054503256519516, 21.300000000000000711, 0.13748525301673389376, 22.300000000000000711, 0.085067559360617772679, 21.300000000000000711, 0.89972292344476001436, 21.300000000000000711, 0.85601719874068304961, 21.300000000000000711, 0.89972292344476001436, 22.300000000000000711, 0.83840513041026842878
21.399999999999998579, 0.073028745751113829932, 21.399999999999998579, 0.078866911492138203066, 21.399999999999998579, 0.13169065067222729404, 22.399999999999998579, 0.083491192966944627329, 21.399999999999998579, 0.89387005723979251481, 21.399999999999998579, 0.85684381637790263397, 21.399999999999998579, 0.89387005723979251481, 22.399999999999998579, 0.83857649935924349904
21.5, 0.072329719102144307552, 21.5, 0.077584664824523225102, 21.5, 0.12594549272745855784, 22.5, 0.081942972548148890199, 21.5, 0.88744847580911956353, 21.5, 0.85715468347653711589, 21.5, 0.88744847580911956353, 22.5, 0.83884308759766113006
21.600000000000001421, 0.071584385757150342799, 21.600000000000001421, 0.076338058130498806508, 21.600000000000001421, 0.12033766427700326451, 22.600000000000001421, 0.080423958275254905925, 21.600000000000001421, 0.88075161370407584194, 21.600000000000001421, 0.85701576949883984113, 21.600000000000001421, 0.88075161370407584194, 22.600000000000001421, 0.83918392505805794457
21.699999999999999289, 0.070787668734969028117, 21.699999999999999289, 0.075119929122480846861, 21.699999999999999289, 0.11494353007638015429, 22.699999999999999289, 0.07893487176596081234, 21.699999999999999289, 0.87402531605562605588, 21.699999999999999289, 5.4266883359680875287, 21.699999999999999289, 0.87402531605562605588, 22.699999999999999289, 0.8395790828576772391
21.800000000000000711, 0.069937628110190747099, 21.800000000000000711, 0.073924221476729390368, 21.800000000000000711, 0.10982687268814338155, 22.800000000000000711, 0.077476122014892775947, 21.800000000000000711, 0.86746987272724596085, 21.800000000000000711, 5.4275161750453717602, 21.800000000000000711, 0.86746987272724596085, 22.800000000000000711, 0.84001003856321743157
21.899999999999998579, 0.069034892863973157384, 21.899999999999998579, 0.072745958829451090599, 21.899999999999998579, 0.10503896727813172296, 22.899999999999998579, 0.07604783589675208344, 21.899999999999998579, 0.86124345539073976497, 21.899999999999998579, 5.500013675311214989, 21.899999999999998579, 0.86124345539073976497, 22.899999999999998579, 0.84045997055449328528
22, 0.068082405366967593818, 22, 0.071527391397482667501, 22, 0.10061622676095678675, 23, 0.074649891920564329095, 22, 0.85546742399325803596, 22, 5.5733658704737898404, 22, 0.85546742399325803596, 23, 0.84091397028030634431
22.100000000000001421, 0.067084116613023839215, 22.100000000000001421, 0.070216825442081465258, 22.100000000000001421, 0.096580545335760215053, 23.100000000000001421, 0.073281955723133007652, 22.100000000000001421, 0.85022653662817204712, 22.100000000000001421, 5.6480112727341094114, 22.100000000000001421, 0.85022653662817204712, 23.100000000000001421, 0.8413591745394921606
22.199999999999999289, 0.066045350674363859089, 22.199999999999999289, 0.068771850778861803866, 22.199999999999999289, 0.092942797309517002913, 23.199999999999999289, 0.0719435159326946988, 22.199999999999999289, 0.84557812604910909116, 22.199999999999999289, 5.724283233612089461, 22.199999999999999289, 0.84557812604910909116, 23.199999999999999289, 0.84178482371410723317
22.300000000000000711, 0.064972261849483889384, 22.300000000000000711, 0.0671597015193935859, 22.300000000000000711, 0.089701598532671719677, 23.300000000000000711, 0.0706339192407702543, 22.300000000000000711, 0.84155602445065069706, 22.300000000000000711, 0.4807360002964990997, 22.300000000000000711, 0.84155602445065069706, 23.300000000000000711, 0.8421822536023042538
22.399999999999998579, 0.063871493114305677441, 22.399999999999998579, 0.06535728177588474852, 22.399999999999998579, 0.086844530975434749975, 23.399999999999998579, 0.069352403736792966882, 22.399999999999998579, 0.83817254317737821534, 22.399999999999998579, 0.40044068777009522719, 22.399999999999998579, 0.83817254317737821534, 23.399999999999998579, 0.84254482961463494917
22.5, 0.062749895525774729288, 22.5, 0.063351051396401847349, 22.5, 0.084351456982839953525, 23.5, 0.068098129773466048453, 22.5, 0.83542113808990137169, 22.5, 0.42679291545315800604, 22.5, 0.83542113808990137169, 23.5, 0.84286783282876953649
22.600000000000001421, 0.06161426985628661035, 22.600000000000001421, 0.061177087764514165302, 22.600000000000001421, 0.082190238893387709829, 23.600000000000001421, 0.06687020850807220973, 22.600000000000001421, 0.83328031373096356216, 22.600000000000001421, 0.45994601842917992585, 22.600000000000001421, 0.83328031373096356216, 23.600000000000001421, 0.84314828358655269369
22.699999999999999289, 0.060471172072283078947, 22.699999999999999289, 0.058881018687491279429, 22.699999999999999289, 0.080325518805227605346, 23.699999999999999289, 0.065667722039335421624, 22.699999999999999289, 0.8317166544269253281, 22.699999999999999289, 0.49029542539423687231, 22.699999999999999289, 0.8317166544269253281, 23.699999999999999289, 0.84338491827690242886
22.800000000000000711, 0.059326762687853022704, 22.800000000000000711, 0.056509875126470210382, 22.800000000000000711, 0.078718890515705422506, 23.800000000000000711, 0.064489754476874230904, 22.800000000000000711, 0.83068736566332357363, 22.800000000000000711, 0.518020698248173872, 22.800000000000000711, 0.83068736566332357363, 23.800000000000000711, 5.4396076537021045283
22.899999999999998579, 0.05818669105348292514, 22.899999999999998579, 0.054109064667510350932, 22.899999999999998579, 0.077330759637527168859, 23.899999999999998579, 0.063335399744542414391, 22.899999999999998579, 0.83014255798620983917, 22.899999999999998579, 0.54408409044533634358, 22.899999999999998579, 0.83014255798620983917, 23.899999999999998579, 5.4394576464439374774
23, 0.057056012545203066422, 23, 0.05172074642394745847, 23, 0.076122086496903676456, 24, 0.062203778610491797241, 23, 0.83002732043745885981, 23, 0.56927873597547673512, 23, 0.83002732043745885981, 24, 5.512070086359411647
23.100000000000001421, 0.055939135533692278812, 23.100000000000001421, 0.04938284149638565157, 23.100000000000001421, 0.075055792247743544077, 24.100000000000001421, 0.061601777092146585424, 23.100000000000001421, 0.8302836078382305196, 23.100000000000001421, 0.59416676964302572728, 23.100000000000001421, 0.8302836078382305196, 24.100000000000001421, 5.5956196429568052508
23.199999999999999289, 0.054839794848786538317, 23.199999999999999289, 0.047128401918270369786, 23.199999999999999289, 0.074097792876214735314, 24.199999999999999289, 0.060247158432376060611, 23.199999999999999289, 0.83085195667148736831, 23.199999999999999289, 0.61910381544946546661, 23.199999999999999289, 0.83085195667148736831, 24.199999999999999289, 5.6693015172375922361
23.300000000000000711, 0.053761048370038991284, 23.300000000000000711, 0.044985200217458908012, 23.300000000000000711, 0.073217676270081147316, 24.300000000000000711, 0.058807176972442302965, 23.300000000000000711, 0.83167303565221362138, 23.300000000000000711, 0.64426391218405654193, 23.300000000000000711, 0.83167303565221362138, 24.300000000000000711, 5.7443353277076711905
23.399999999999998579, 0.052705293329833403926, 23.399999999999998579, 0.042975469937905130813, 23.399999999999998579, 0.072389066444367836106, 24.399999999999998579, 0.057255537462158910544, 23.399999999999998579, 0.83268902972549774244, 23.399999999999998579, 0.66965957513468743478, 23.399999999999998579, 0.83268902972549774244, 24.399999999999998579, 0.46204211279418183622
23.5, 0.051674298915261020204, 23.5, 0.041115770555414397902, 23.5, 0.071589733037031325069, 24.5, 0.055571138180706622367, 23.5, 0.83384485098300287209, 23.5, 0.69516040143907420479, 23.5, 0.83384485098300287209, 24.5, 0.38314976414654200454
23.600000000000001421, 0.051096146640725793875, 23.600000000000001421, 0.039416978510628211674, 23.600000000000001421, 0.07080150891237335653, 24.600000000000001421, 0.05374057019386026951, 23.600000000000001421, 0.82425502348930679286, 23.600000000000001421, 0.72051397034575459521, 23.600000000000001421, 0.82425502348930679286, 24.600000000000001421, 0.41276044968849401329
23.699999999999999289, 0.050013387687600108222, 23.699999999999999289, 0.037884425762040575825, 23.699999999999999289, 0.070010051166561254599, 24.699999999999999289, 0.051792076986460787447, 23.699999999999999289, 0.82634051953073062169, 23.699999999999999289, 0.74537226571126113939, 23.699999999999999289, 0.82634051953073062169, 24.699999999999999289, 0.44902897649435002947
23.800000000000000711, 0.048971645630023014073, 23.800000000000000711, 0.03651819858300755367, 23.800000000000000711, 0.069204567059162114262, 24.800000000000000711, 0.049762066400563249868, 23.800000000000000711, 0.82972605684012989968, 23.800000000000000711, 0.76932322003991360226, 23.800000000000000711, 0.82972605684012989968, 24.800000000000000711, 0.48217251712681674647
23.899999999999998579, 0.047973222726651658376, 23.899999999999998579, 0.035313627652565626747, 23.899999999999998579, 0.06837739455707891878, 24.899999999999998579, 0.047688384144679303589, 23.899999999999998579, 0.8330714005079782325, 23.899999999999998579, 0.79192959257045658639, 23.899999999999998579, 0.8330714005079782325, 24.899999999999998579, 0.51238986674092501516
24, 0.04701669579061330817, 24, 0.034261946915012324311, 24, 0.067523635723290134636, 25, 0.045607646539588868329, 24, 0.83617885694489957338, 24, 0.81276839183564075775, 24, 0.83617885694489957338, 25, 0.54067652830703716305
24.100000000000001421, 0.046100050564200321934, 24.100000000000001421, 0.033351098745302024118, 24.100000000000001421, 0.066640733735239196522, 25.100000000000001421, 0.043553780892249323309, 24.100000000000001421, 0.8389909404047617425, 24.100000000000001421, 0.83146813422532339644, 24.100000000000001421, 0.8389909404047617425, 25.100000000000001421, 0.56785163972700258839
24.199999999999999289, 0.045220849553966539769, 24.199999999999999289, 0.032566618799858559896, 24.199999999999999289, 0.065728173654568039508, 25.199999999999999289, 0.041557134676668036621, 24.199999999999999289, 0.84147659409286434951, 24.199999999999999289, 0.8477443233479476925, 24.199999999999999289, 0.84147659409286434951, 25.199999999999999289, 0.59449369485153358283
24.300000000000000711, 0.044376340799057618913, 24.300000000000000711, 0.031892575588170948842, 24.300000000000000711, 0.064786903626755890095, 25.300000000000000711, 0.039643910008378899223, 24.300000000000000711, 0.84361786923070458677, 24.300000000000000711, 0.86141026944406440258, 24.300000000000000711, 0.84361786923070458677, 25.300000000000000711, 0.62096533856721314315
24.399999999999998579, 0.043563625982666873138, 24.399999999999998579, 0.031312393687238662676, 24.399999999999998579, 0.063819205430877198881, 25.399999999999998579, 0.037835801680759083288, 24.399999999999998579, 0.84540821225800955041, 24.399999999999998579, 0.87239522751897025099, 24.399999999999998579, 0.84540821225800955041, 25.399999999999998579, 0.64743956299718607994
24.5, 0.042779746593970005564, 24.5, 0.030809642196160374333, 24.5, 0.062828276305302285798, 25.5, 0.036149774845064000517, 24.5, 0.84685110899373050586, 24.5, 0.88073579076667596333, 24.5, 0.84685110899373050586, 25.5, 0.67392180042128235762
24.600000000000001421, 0.042021783117270478103, 24.600000000000001421, 0.030368640069677498711, 24.600000000000001421, 0.061817962176431137666, 25.600000000000001421, 0.034597969799946962088, 24.600000000000001421, 0.84795883354325396475, 24.600000000000001421, 0.88656324780083306525, 24.600000000000001421, 0.84795883354325396475, 25.600000000000001421, 0.70027145115621425298
24.699999999999999289, 0.041286930683590544744, 24.699999999999999289, 0.029974912839996925573, 24.699999999999999289, 0.060792512120123397279, 25.699999999999999289, 0.033187707478931252614, 24.699999999999999289, 0.84875100296219518903, 24.699999999999999289, 0.89008434958782800539, 24.699999999999999289, 0.84875100296219518903, 25.699999999999999289, 0.72622664829828864619
24.800000000000000711, 0.040572558739639996706, 24.800000000000000711, 0.029615491597683847591, 24.800000000000000711, 0.059756363595005280998, 25.800000000000000711, 0.031921667118900709514, 24.800000000000000711, 0.84925305181759891404, 24.800000000000000711, 0.8915590410224515372, 24.800000000000000711, 0.84925305181759891404, 25.800000000000000711, 0.75143467695892951497
24.899999999999998579, 0.039876252526423114353, 24.899999999999998579, 0.029279079046993984614, 24.899999999999998579, 0.058713963769047687602, 25.899999999999998579, 0.030798194804190832941, 24.899999999999998579, 0.84949470863749865224, 24.899999999999998579, 0.89127886892581176248, 24.899999999999998579, 0.84949470863749865224, 25.899999999999998579, 0.77548647192646358306
25, 0.039195841770841483021, 25, 0.028956105173958964633, 25, 0.057669623961814964197, 26, 0.029811745970608163891, 25, 0.84950854173350265341, 25, 0.88954770517037951016, 25, 0.84950854173350265341, 26, 0.79795749162708551339
25.100000000000001421, 0.038529416809247547804, 25.100000000000001421, 0.028638698651122306005, 25.100000000000001421, 0.05662740525962811633, 26.100000000000001421, 0.028953535817943829717, 25.100000000000001421, 0.84932861899299805231, 25.100000000000001421, 0.88666596723024915239, 25.100000000000001421, 0.84932861899299805231, 26.100000000000001421, 0.81844944210537873275
25.199999999999999289, 0.037875333838329340586, 25.199999999999999289, 0.028320598379639596448, 25.199999999999999289, 0.055591033063727729457, 26.199999999999999289, 0.028212246250103160256, 25.199999999999999289, 0.8489893165824096144, 25.199999999999999289, 0.88291872274280558397, 25.199999999999999289, 0.8489893165824096144, 26.199999999999999289, 0.83662682052408987587
25.300000000000000711, 0.037232204700679914777, 25.300000000000000711, 0.027997029458318251072, 25.300000000000000711, 0.054999517373781191265, 26.300000000000000711, 0.027574805875921964277, 25.300000000000000711, 5.4346611324120726039, 25.300000000000000711, 0.87856725160356574644, 25.300000000000000711, 5.4346611324120726039, 26.300000000000000711, 0.85224514280880792061
25.399999999999998579, 0.03659892332733492154, 25.399999999999998579, 0.027664531484274005463, 25.399999999999998579, 0.053898195739670223814, 26.399999999999998579, 0.027027164875198055743, 25.399999999999998579, 5.4352195356857233577, 25.399999999999998579, 0.87384539015149442776, 25.399999999999998579, 5.4352195356857233577, 26.399999999999998579, 0.86516747722750320104
25.5, 0.035974562788937715363, 25.5, 0.027320843438096188704, 25.5, 0.05280236674562342053, 26.5, 0.026555007852778991784, 25.5, 5.5080691211983445754, 25.5, 0.86895457908935669344, 25.5, 5.5080691211983445754, 26.5, 0.87536834653766537606
25.600000000000001421, 0.035331203949590835045, 25.600000000000001421, 0.026964690458085464886, 25.600000000000001421, 0.051739585845971630684, 26.600000000000001421, 0.026144360975732767322, 25.600000000000001421, 5.5816306716275914113, 25.600000000000001421, 0.86406567043097948222, 25.600000000000001421, 5.5816306716275914113, 26.600000000000001421, 0.88292628189520716564
25.699999999999999289, 0.034644540140234464376, 25.699999999999999289, 0.026595718271946348216, 25.699999999999999289, 0.050711543992116664414, 26.699999999999999289, 0.025782068598411179983, 25.699999999999999289, 5.6563689114286912485, 25.699999999999999289, 0.85931993278041474138, 25.699999999999999289, 5.6563689114286912485, 26.699999999999999289, 0.88800790607970492285
25.800000000000000711, 0.033894316743331570629, 25.800000000000000711, 0.026214140741308490645, 25.800000000000000711, 0.049717927108000076197, 26.800000000000000711, 0.025456133392723640646, 25.800000000000000711, 5.7326474363975634674, 25.800000000000000711, 0.85482803476224944461, 25.800000000000000711, 5.7326474363975634674, 26.800000000000000711, 0.89084711013070361219
25.899999999999998579, 0.033064867711863961397, 25.899999999999998579, 0.025820741133897352759, 25.899999999999998579, 0.048758232770483092566, 26.899999999999998579, 0.025155928929313401549, 25.899999999999998579, 0.47242451741505719909, 25.899999999999998579, 0.85067522226808467423, 25.899999999999998579, 0.47242451741505719909, 26.899999999999998579, 0.89172272890081583085
26, 0.032145159678783265245, 26, 0.025416765168327807439, 26, 0.04783147433250395375, 27, 0.024872303041224941983, 26, 0.39221709812418259489, 26, 0.84692394186600084005, 26, 0.39221709812418259489, 27, 0.89093740141199928573
26.100000000000001421, 0.031128754018943102094, 26.100000000000001421, 0.025003771888929930689, 26.100000000000001421, 0.046936265952429861992, 27.100000000000001421, 0.024597594349902142385, 26.100000000000001421, 0.41950066986481182596, 26.100000000000001421, 0.84361586084998396728, 26.100000000000001421, 0.41950066986481182596, 27.100000000000001421, 0.888799358730800515
26.199999999999999289, 0.030033462835000131891, 26.199999999999999289, 0.024583529892332502825, 26.199999999999999289, 0.046070922517231972793, 27.199999999999999289, 0.024325584336074488473, 26.199999999999999289, 0.45360000016840906767, 26.199999999999999289, 0.84077441089634374904, 26.199999999999999289, 0.45360000016840906767, 27.199999999999999289, 0.88560798300895360313
26.300000000000000711, 0.028881628966175031809, 26.300000000000000711, 0.02415792692150878912, 26.300000000000000711, 0.045233804905063533519, 27.300000000000000711, 0.024051404881424140458, 26.300000000000000711, 0.48483101878266410267, 26.300000000000000711, 0.83840836045059985437, 26.300000000000000711, 0.48483101878266410267, 27.300000000000000711, 0.88164327731848823877
26.399999999999998579, 0.02769626954402729796, 26.399999999999998579, 0.023728900301383505644, 26.399999999999998579, 0.044422917296547313748, 27.399999999999998579, 0.023771417658763279585, 26.399999999999998579, 0.51337585502776583724, 26.399999999999998579, 0.83651261419050493284, 26.399999999999998579, 0.51337585502776583724, 27.399999999999998579, 0.87715892253001936929
26.5, 0.026499592294274548071, 26.5, 0.023298362893536893325, 26.5, 0.04363576322568166882, 27.5, 0.023483078053531343532, 26.5, 0.5402068635542995878, 26.5, 0.83506949888672776794, 26.5, 0.5402068635542995878, 27.5, 0.87237835197113255958
26.600000000000001421, 0.025312190588451993767, 26.600000000000001421, 0.022868144914183857058, 26.600000000000001421, 0.042870268889614926433, 27.600000000000001421, 0.023184792986014526178, 26.600000000000001421, 0.56612606955559696686, 26.600000000000001421, 0.83405230742635927399, 26.600000000000001421, 0.56612606955559696686, 27.600000000000001421, 0.86749319335197383474
26.699999999999999289, 0.024152552787031981996, 26.699999999999999289, 0.022439952327404578264, 26.699999999999999289, 0.042124475810854475344, 27.699999999999999289, 0.022875779287016541341, 26.699999999999999289, 0.59170193116804492561, 26.699999999999999289, 0.83342724628904618633, 26.699999999999999289, 0.59170193116804492561, 27.699999999999999289, 0.86266345237644959099
26.800000000000000711, 0.023036749517967400336, 26.800000000000000711, 0.022015335236175360978, 26.800000000000000711, 0.041396561325634011197, 27.800000000000000711, 0.022555927181414536092, 26.800000000000000711, 0.61729337362363989605, 26.800000000000000711, 0.83315521864675123886, 26.800000000000000711, 0.61729337362363989605, 27.800000000000000711, 0.85801889479772586178
26.899999999999998579, 0.021978230380932078925, 26.899999999999998579, 0.021595665846644379604, 26.899999999999998579, 0.040684866541063138823, 27.899999999999998579, 0.022225671871764048765, 26.899999999999998579, 0.6430744799183425453, 26.899999999999998579, 0.83319346581620268299, 26.899999999999998579, 0.6430744799183425453, 27.899999999999998579, 0.85366118798558099368
27, 0.020987695595303376694, 27, 0.021182125065830632177, 27, 0.039987914591053753954, 28, 0.021885875143279678867, 27, 0.66905453575352380469, 27, 0.83349706993693828405, 27, 0.66905453575352380469, 28, 0.84966647162107000746
27.100000000000001421, 0.020073029813479879857, 27.100000000000001421, 0.020775696732885626933, 27.100000000000001421, 0.039304419403152997259, 28.100000000000001421, 0.021537717978613434705, 27.100000000000001421, 0.69509692842187331685, 27.100000000000001421, 0.83402031799069975548, 27.100000000000001421, 0.69509692842187331685, 28.100000000000001421, 0.84608811054461097179
27.199999999999999289, 0.019239299735352571874, 27.199999999999999289, 0.020377168453399156084, 27.199999999999999289, 0.038633286294118905635, 28.199999999999999289, 0.021182604787659594509, 27.199999999999999289, 0.72094078025410368582, 27.199999999999999289, 0.83471792414142187422, 27.199999999999999289, 0.72094078025410368582, 28.199999999999999289, 0.84295947522798675422
27.300000000000000711, 0.018488825367879845041, 27.300000000000000711, 0.01998713799354246215, 27.300000000000000711, 0.037973605816074680608, 28.300000000000000711, 0.020822079364573621574, 27.300000000000000711, 0.74622815191145619451, 27.300000000000000711, 0.83554610503233650576, 27.300000000000000711, 0.74622815191145619451, 28.300000000000000711, 0.84029664420582350637
27.399999999999998579, 0.017821336500041418116, 27.399999999999998579, 0.019606024197127733949, 27.399999999999998579, 0.037324642265888462178, 28.399999999999998579, 0.020457752417439137999, 27.399999999999998579, 0.77053788207036766345, 27.399999999999998579, 0.83646350164243943315, 27.399999999999998579, 0.77053788207036766345, 28.399999999999998579, 0.83810096911466747116
27.5, 0.017234221050347730414, 27.5, 0.019234081414813027772, 27.5, 0.036685818211256569776, 28.5, 0.020091240307748132327, 27.5, 0.79342490727349312962, 27.5, 0.83743194175841417781, 27.5, 0.79342490727349312962, 28.5, 0.83636147348662359668
27.600000000000001421, 0.016722861505485162731, 27.600000000000001421, 0.018871416480806403604, 27.600000000000001421, 0.036056696291986593816, 28.600000000000001421, 0.01972411451376128097, 27.600000000000001421, 0.81446173982609182396, 27.600000000000001421, 0.83841703901306408042, 27.600000000000001421, 0.81446173982609182396, 28.600000000000001421, 0.83505707682632801525
27.699999999999999289, 0.016281042557837476642, 27.699999999999999289, 0.018518007337597900547, 27.699999999999999289, 0.035436959434087061949, 28.699999999999999289, 0.019357861141373389202, 27.699999999999999289, 0.83327734343042170195, 27.699999999999999289, 0.83938862754623455587, 27.699999999999999289, 0.83327734343042170195, 28.699999999999999289, 0.83415864404804240806
27.800000000000000711, 0.015901401279297702057, 27.800000000000000711, 0.018173722491422333175, 27.800000000000000711, 0.034826390475963454885, 28.800000000000000711, 0.018993849810218375179, 27.800000000000000711, 0.84958846874935445292, 27.800000000000000711, 0.84032103529506740891, 27.800000000000000711, 0.84958846874935445292, 28.800000000000000711, 0.8336308690424178991
27.899999999999998579, 0.015575884477431490086, 27.899999999999998579, 0.017838341059517613674, 27.899999999999998579, 0.034199651765331365305, 28.899999999999998579, 0.018633311129870575723, 27.899999999999998579, 0.86321969951234367446, 27.899999999999998579, 0.84119320855923973568, 27.899999999999998579, 0.86321969951234367446, 28.899999999999998579, 0.83343399988650146426
28, 0.01529617812886854139, 28, 0.017511570500401127393, 28, 0.03353342804297430868, 29, 0.018277321931537773153, 28, 0.87411058674820329983, 28, 0.84198866702468144751, 28, 0.87411058674820329983, 29, 0.83352541173012828501
28.100000000000001421, 0.015054080538822858792, 28.100000000000001421, 0.017193065446276804137, 28.100000000000001421, 0.032808293083387063405, 29.100000000000001421, 0.017926797383304365202, 28.100000000000001421, 0.8823106342816133818, 28.100000000000001421, 0.84269537836520269636, 28.100000000000001421, 0.8823106342816133818, 29.100000000000001421, 0.83386103064442207433
28.199999999999999289, 0.014841801602023326975, 28.199999999999999289, 0.016882444519273405448, 28.199999999999999289, 0.032009040990503376256, 29.199999999999999289, 0.017582489092974114275, 28.199999999999999289, 0.88796474313566786662, 28.199999999999999289, 0.84330550356670341827, 28.199999999999999289, 0.88796474313566786662, 29.199999999999999289, 0.83439660868091258816
28.300000000000000711, 0.014652181908252201112, 28.300000000000000711, 0.016579305397696822433, 28.300000000000000711, 0.031124798589386607622, 29.300000000000000711, 0.017244989257935706278, 28.300000000000000711, 0.89129269252637233212, 28.300000000000000711, 0.8438150478107224739, 28.300000000000000711, 0.89129269252637233212, 29.300000000000000711, 0.8350888147448858323
28.399999999999998579, 0.014478835024150182517, 28.399999999999998579, 0.016283237963581866092, 28.399999999999998579, 0.030149006801003540301, 29.399999999999998579, 0.016914733698442582788, 28.399999999999998579, 0.89256627610417682561, 28.399999999999998579, 0.84422344260265225202, 28.399999999999998579, 0.89256627610417682561, 29.399999999999998579, 0.8358963835406220122
28.5, 0.014316222657352002667, 28.5, 0.015993835149689283187, 28.5, 0.029097259504344160502, 29.5, 0.016592015908655215195, 28.5, 0.89208708029814554052, 28.5, 0.84453308981330832417, 28.5, 0.89208708029814554052, 29.5, 0.83678087795802036375
28.600000000000001421, 0.0141596758476711191, 28.600000000000001421, 0.015710703076464955369, 28.600000000000001421, 0.027990699646723345845, 29.600000000000001421, 0.01627700500446371823, 28.600000000000001421, 0.89016695117026123363, 28.600000000000001421, 0.84474885700382817966, 28.600000000000001421, 0.89016695117026123363, 29.600000000000001421, 0.83770703257570455769
28.699999999999999289, 0.014005374988190578966, 28.699999999999999289, 0.015433467304746106147, 28.699999999999999289, 0.026851423506257299234, 29.699999999999999289, 0.015969760281665853346, 28.699999999999999289, 0.88711218712748629578, 28.699999999999999289, 0.84487759214889024406, 28.699999999999999289, 0.88711218712748629578, 29.699999999999999289, 0.83864347858146803816
28.800000000000000711, 0.013850301287469146336, 28.800000000000000711, 0.015161778127344897535, 28.800000000000000711, 0.025700837655254698405, 29.800000000000000711, 0.015670229635598050683, 28.800000000000000711, 0.88321180025367518329, 28.800000000000000711, 0.84492765774665690159, 28.800000000000000711, 0.88321180025367518329, 29.800000000000000711, 0.83956273453750140945
28.899999999999998579, 0.013692169780250101202, 28.899999999999998579, 0.01489531437952832521, 28.899999999999998579, 0.02455883162023119598, 29.899999999999998579, 0.015378284842596411791, 28.899999999999998579, 0.87872958174770632311, 28.899999999999998579, 0.84490848948351748859, 28.899999999999998579, 0.87872958174770632311, 29.899999999999998579, 0.84044188207572467775
29, 0.013529351809174829796, 29, 0.014633785830569142825, 29, 0.023443285052255992407, 30, 0.0150937310707896441, 29, 0.87389941724221320563, 29, 0.84483018789054842301, 29, 0.87389941724221320563, 30, 0.84126242718630517281
29.100000000000001421, 0.013360792874892512411, 29.100000000000001421, 0.014376934321697891483, 29.100000000000001421, 0.022369754728772582586, 30.100000000000001421, 0.01481632198395360471, 29.100000000000001421, 0.8689231853297798569, 29.100000000000001421, 5.4384821573782087256, 29.100000000000001421, 0.8689231853297798569, 30.100000000000001421, 0.84201019119639575194
29.199999999999999289, 0.013185930061104057798, 29.199999999999999289, 0.014124533832273338668, 29.199999999999999289, 0.021351270673153614765, 30.199999999999999289, 0.01454577398317500464, 29.199999999999999289, 0.86397058015366012818, 29.199999999999999289, 5.4386475630933084346, 29.199999999999999289, 0.86397058015366012818, 30.199999999999999289, 0.84267510130883427344
29.300000000000000711, 0.013004612445600586407, 29.300000000000000711, 0.013876389656515346685, 29.300000000000000711, 0.020398245791146626255, 30.300000000000000711, 0.01428177911895399041, 29.300000000000000711, 0.85918028706691129681, 29.300000000000000711, 5.5114505908892166275, 29.300000000000000711, 0.85918028706691129681, 30.300000000000000711, 0.84325089219435889198
29.399999999999998579, 0.012817035097731792337, 29.399999999999998579, 0.013621899284567244581, 29.399999999999998579, 0.019518275267764704367, 30.399999999999998579, 0.014024016511137186655, 29.399999999999998579, 0.85466221739461811779, 29.399999999999998579, 5.5849098227000606443, 29.399999999999998579, 0.85466221739461811779, 30.399999999999998579, 0.84373473680010557807
29.5, 0.012623633401134825432, 29.5, 0.013351643375489366874, 29.5, 0.018716240122131105883, 30.5, 0.013772162176875320933, 29.5, 0.85049913330583160054, 29.5, 5.6595083896519629008, 29.5, 0.85049913330583160054, 30.5, 0.84412682660869808871
29.600000000000001421, 0.01242505757810282753, 29.600000000000001421, 0.013057815631840431064, 29.600000000000001421, 0.017994425765019479713, 30.600000000000001421, 0.013525897234267607316, 29.600000000000001421, 0.84675059019262666204, 29.600000000000001421, 5.7356225774827667152, 29.600000000000001421, 0.84675059019262666204, 30.600000000000001421, 0.84442992133001659738
29.699999999999999289, 0.012222102624438428362, 29.699999999999999289, 0.012734331951110190381, 29.699999999999999289, 0.017352609074257927674, , , 29.699999999999999289, 0.84345553076962875849, 29.699999999999999289, 0.46962733380042864795, 29.699999999999999289, 0.84345553076962875849, , 
29.800000000000000711, 0.012015658863428493874, 29.800000000000000711, 0.012376872920600353462, 29.800000000000000711, 0.016788295231690231191, , , 29.800000000000000711, 0.8406346561965274411, 29.800000000000000711, 0.3896034118396900503, 29.800000000000000711, 0.8406346561965274411, , 
29.899999999999998579, 0.011806667718303513748, 29.899999999999998579, 0.01198287770580614385, 29.899999999999998579, 0.016297118304005372286, , , 29.899999999999998579, 0.8382929097342896041, 29.899999999999998579, 0.41735119103068507584, 29.899999999999998579, 0.8382929097342896041, , 
30, 0.011596083346774867587, 30, 0.011559058017103945523, 30, 0.015872996046307246559, , , 30, 0.83642209487008767343, 30, 0.45188850659077939298, 30, 0.83642209487008767343, , 
30.100000000000001421, 0.011384841389304182352, 30.100000000000001421, 0.011113944893218225679, 30.100000000000001421, 0.015508799977048539492, , , 30.100000000000001421, 0.83500318325000533193, 30.100000000000001421, 0.4835060034015481456, 30.100000000000001421, 0.83500318325000533193, , 
30.199999999999999289, 0.011173833757975390121, 30.199999999999999289, 0.010656351053051077091, 30.199999999999999289, 0.015196745676143175521, , , 30.199999999999999289, 0.83400841190246843837, 30.199999999999999289, 0.51239205343379445878, 30.199999999999999289, 0.83400841190246843837, , 
30.300000000000000711, 0.010963888898183149143, 30.300000000000000711, 0.010194788056781197566, 30.300000000000000711, 0.014928796612330829524, , , 30.300000000000000711, 0.83340321117307036847, 30.300000000000000711, 0.53952697442291164265, 30.300000000000000711, 0.83340321117307036847, , 
30.399999999999998579, 0.010755757129776284675, 30.399999999999998579, 0.0097371516714635005657, 30.399999999999998579, 0.014697025278387575858, , , 30.399999999999998579, 0.83314797519764027811, 30.399999999999998579, 0.56571906639730551447, 30.399999999999998579, 0.83314797519764027811, , 
30.5, 0.010550100612094829439, 30.5, 0.0092905301354852011519, 30.5, 0.014493903431333648307, , , 30.5, 0.83319968300220359492, 30.5, 0.59154111301691481017, 30.5, 0.83319968300220359492, , 
30.600000000000001421, 0.010347487448925636946, 30.600000000000001421, 0.0088610817951013769178, 30.600000000000001421, 0.014312514769970788656, , , 30.600000000000001421, 0.83351337519814117094, 30.600000000000001421, 0.61735452605762008993, 30.600000000000001421, 0.83351337519814117094, , 
