# /clock/clock, /robot_0/cmd_vel/linear/x, /clock/clock, /robot_1/cmd_vel/linear/x, /clock/clock, /robot_2/cmd_vel/linear/x, /clock/clock, /robot_3/cmd_vel/linear/x, /clock/clock, /robot_0/cmd_vel/angular/z, /clock/clock, /robot_1/cmd_vel/angular/z, /clock/clock, /robot_0/cmd_vel/angular/z, /clock/clock, /robot_3/cmd_vel/angular/z
5.4000000000000003553, 1, 5.4000000000000003553, 0.6757707473135722287, 5.4000000000000003553, 0.61946194715793190255, 5.5, 0.7304339469717490152, 5.4000000000000003553, 0, 5.4000000000000003553, 6.1750740131000663169, 5.4000000000000003553, 0, 5.5, 0.054196457421170185498
5.5, 1, 5.5, 0.72874894207858631479, 5.5, 0.65762383296566229163, 5.5999999999999996447, 0.76701366488287869849, 5.5, 0, 5.5, 6.1394150920495587087, 5.5, 0, 5.5999999999999996447, 0.085990119350526361686
5.5999999999999996447, 1, 5.5999999999999996447, 0.77095227848068692555, 5.5999999999999996447, 0.68084300554671428607, 5.7000000000000001776, 0.79238615788139421525, 5.5999999999999996447, 0, 5.5999999999999996447, 0.016699975611145667642, 5.5999999999999996447, 0, 5.7000000000000001776, 0.10341555504200106164
5.7000000000000001776, 1, 5.7000000000000001776, 0.80733131040166539183, 5.7000000000000001776, 0.69807582901866283009, 5.7999999999999998224, 0.81076298406894353743, 5.7000000000000001776, 0, 5.7000000000000001776, -0.1179501055383380681, 5.7000000000000001776, 0, 5.7999999999999998224, 0.11141286126197180728
5.7999999999999998224, 1, 5.7999999999999998224, 0.83857235907233940164, 5.7999999999999998224, 0.71416995984641273854, 5.9000000000000003553, 0.82429935326135983509, 5.7999999999999998224, 0, 5.7999999999999998224, -0.10463196000524899176, 5.7999999999999998224, 0, 5.9000000000000003553, 0.11311891255549322288
5.9000000000000003553, 1, 5.9000000000000003553, 0.86499863706466828539, 5.9000000000000003553, 0.73190527414836559217, 6, 0.83427631901947330029, 5.9000000000000003553, 0, 5.9000000000000003553, -0.08332676056126908648, 5.9000000000000003553, 0, 6, 0.11068309312731638983
6, 1, 6, 0.88627695187306576585, 6, 0.7529965118385295586, 6.0999999999999996447, 0.83906594949861657007, 6, 0, 6, -0.067353348138508906118, 6, 0, 6.0999999999999996447, 0.10291968771618997813
6.0999999999999996447, 1, 6.0999999999999996447, 0.90217094261635777386, 6.0999999999999996447, 0.77853695051484650413, 6.2000000000000001776, 0.83928656914752186591, 6.0999999999999996447, 0, 6.0999999999999996447, -0.056169147206459602018, 6.0999999999999996447, 0, 6.2000000000000001776, 0.091024327496776358259
6.2000000000000001776, 1, 6.2000000000000001776, 0.91242046979754765079, 6.2000000000000001776, 0.80914305326341573465, 6.2999999999999998224, 0.8392173401060453175, 6.2000000000000001776, 0, 6.2000000000000001776, -0.048261342668423967694, 6.2000000000000001776, 0, 6.2999999999999998224, 0.080104522127477206794
6.2999999999999998224, 1, 6.2999999999999998224, 0.91714589562892079311, 6.2999999999999998224, 0.84494899660814182241, 6.4000000000000003553, 0.83897600351841306043, 6.2999999999999998224, 0, 6.2999999999999998224, -0.04245627970534959772, 6.2999999999999998224, 0, 6.4000000000000003553, 0.070440996846557135669
6.4000000000000003553, 1, 6.4000000000000003553, 0.91919421457908800921, 6.4000000000000003553, 0.88555064950385919964, 6.5, 0.83878346271612858054, 6.4000000000000003553, 0, 6.4000000000000003553, -0.037656908188986815134, 6.4000000000000003553, 0, 6.5, 0.062063783541835837454
6.5, 1, 6.5, 0.91991804540699073645, 6.5, 0.92997501143889027553, 6.5999999999999996447, 0.83875734136568202981, 6.5, 0, 6.5, -0.033487235232247059002, 6.5, 0, 6.5999999999999996447, 0.054920143854285008445
6.5999999999999996447, 1, 6.5999999999999996447, 0.92007977642924898554, 6.5999999999999996447, 0.97672882261726445829, 6.7000000000000001776, 0.83876181603404886822, 6.5999999999999996447, 0, 6.5999999999999996447, -0.029794142964875369728, 6.5999999999999996447, 0, 6.7000000000000001776, 0.048684974849175777223
6.7000000000000001776, 1, 6.7000000000000001776, 0.92011069889416019496, 6.7000000000000001776, 1.0042755139962671329, 6.7999999999999998224, 0.83876843683858803846, 6.7000000000000001776, 0, 6.7000000000000001776, -0.026490033415467628686, 6.7000000000000001776, 0, 6.7999999999999998224, 0.043183810786206811017
6.7999999999999998224, 1, 6.7999999999999998224, 0.92011368251443936828, 6.7999999999999998224, 1.0161214768390915975, 6.9000000000000003553, 0.83877284311816935336, 6.7999999999999998224, 0, 6.7999999999999998224, -0.023534989183691124026, 6.7999999999999998224, 0, 6.9000000000000003553, 0.038312049951932714009
6.9000000000000003553, 1, 6.9000000000000003553, 0.92011205546090302221, 6.9000000000000003553, 1.0216456407774581194, 7, 0.83877532024782353037, 6.9000000000000003553, 0, 6.9000000000000003553, -0.020898686400036670108, 6.9000000000000003553, 0, 7, 0.03399236509815128926
7, 1, 7, 0.92011046221054149097, 7, 1.0243146497497874758, 7.0999999999999996447, 0.83877662731785562755, 7, 0, 7, -0.018551666725478810349, 7, 0, 7.0999999999999996447, 0.030160590199490133756
7.0999999999999996447, 1, 7.0999999999999996447, 0.92010947063752435149, 7.0999999999999996447, 1.0256259964735223722, 7.2000000000000001776, 0.8387772979814549501, 7.0999999999999996447, 0, 7.0999999999999996447, -0.016465069968023549052, 7.0999999999999996447, 0, 7.2000000000000001776, 0.026761089236674084901
7.2000000000000001776, 1, 7.2000000000000001776, 0.9201089261081191184, 7.2000000000000001776, 1.0262756095991865113, 7.2999999999999998224, 0.83877763759601542404, 7.2000000000000001776, 0, 7.2000000000000001776, -0.014611547305368066674, 7.2000000000000001776, 0, 7.2999999999999998224, 0.023744903115639592883
7.2999999999999998224, 1, 7.2999999999999998224, 0.92010864165600581011, 7.2999999999999998224, 1.0265987277220489648, 7.4000000000000003553, 0.83869432305961599816, 7.2999999999999998224, 0, 7.2999999999999998224, -0.012965864331279330912, 7.2999999999999998224, 0, 7.4000000000000003553, 0.020968807979066861336
7.4000000000000003553, 1, 7.4000000000000003553, 0.91987090080199462871, 7.4000000000000003553, 1.0266591233029633834, 7.5, 0.83863186612592766078, 7.4000000000000003553, 0, 7.4000000000000003553, -0.011544418681544321714, 7.4000000000000003553, 0, 7.5, 0.018519409781209805743
7.5, 1, 7.5, 0.91981162518053349864, 7.5, 1.0266641044399851257, 7.5999999999999996447, 0.83859546378503091457, 7.5, 0, 7.5, -0.010257947001639955431, 7.5, 0, 7.5999999999999996447, 0.016378873048509046129
7.5999999999999996447, 1, 7.5999999999999996447, 0.91979685909629438356, 7.5999999999999996447, 1.0266602945570355576, 7.7000000000000001776, 0.83857598196419191883, 7.5999999999999996447, 0, 7.5999999999999996447, -0.0091060950867225542993, 7.5999999999999996447, 0, 7.7000000000000001776, 0.01450356827200161014
7.7000000000000001776, 1, 7.7000000000000001776, 0.91979319230634715154, 7.7000000000000001776, 1.0266568146200092393, 7.7999999999999998224, 0.8385659273374339584, 7.7000000000000001776, 0, 7.7000000000000001776, -0.0080809764839520070723, 7.7000000000000001776, 0, 7.7999999999999998224, 0.01285362273805046307
7.7999999999999998224, 1, 7.7999999999999998224, 0.91979228786988553868, 7.7999999999999998224, 1.0266546808956129588, 7.9000000000000003553, 0.83856082482660798672, 7.7999999999999998224, 0, 7.7999999999999998224, -0.0071705501781345049039, 7.7999999999999998224, 0, 7.9000000000000003553, 0.011397146572424965427
7.9000000000000003553, 1, 7.9000000000000003553, 0.91979206788479817014, 7.9000000000000003553, 1.0266535155922156264, 8, 0.83855825638894321283, 7.9000000000000003553, 0, 7.9000000000000003553, -0.0063625054118756629862, 7.9000000000000003553, 0, 8, 0.010108704008757962711
8, 1, 8, 0.91979201595014103976, 8, 1.0266529083298541192, 8.0999999999999996447, 0.83855696868327478377, 8, 0, 8, -0.0056454671548245016766, 8, 0, 8.0999999999999996447, 0.0089674450198464761286
8.0999999999999996447, 1, 8.0999999999999996447, 0.91979200449725984079, 8.0999999999999996447, 1.0266525985459569181, 8.1999999999999992895, 0.8385563243631164454, 8.0999999999999996447, 0, 8.0999999999999996447, -0.005009222573912008869, 8.0999999999999996447, 0, 8.1999999999999992895, 0.0079558018907566196987
8.1999999999999992895, 1, 8.1999999999999992895, 0.91979200239942959794, 8.1999999999999992895, 1.0266524421158225167, 8.3000000000000007105, 0.83855600228840121435, 8.1999999999999992895, 0, 8.1999999999999992895, -0.0044446782335390011553, 8.1999999999999992895, 0, 8.3000000000000007105, 0.0070586711262330403827
8.3000000000000007105, 1, 8.3000000000000007105, 0.9197920022576671073, 8.3000000000000007105, 1.026652363516207922, 8.4000000000000003553, 0.83855584137348215812, 8.3000000000000007105, 0, 8.3000000000000007105, -0.0039437570124452037135, 8.3000000000000007105, 0, 8.4000000000000003553, 0.0062628979523624561665
8.4000000000000003553, 1, 8.4000000000000003553, 0.91979200241357383927, 8.4000000000000003553, 1.0266523241202638594, 8.5, 0.83855576099718120986, 8.4000000000000003553, 0, 8.4000000000000003553, -0.003499289669425920124, 8.4000000000000003553, 0, 8.5, 0.0055569344445016710665
8.5, 1, 8.5, 0.91979200254822435223, 8.5, 1.0266523043982573871, 8.5999999999999996447, 0.83855572085459473275, 8.5, 0, 8.5, -0.0031049141988952477789, 8.5, 0, 8.5999999999999996447, 0.0049305965062074186278
8.5999999999999996447, 1, 8.5999999999999996447, 0.91979200262972382607, 8.5999999999999996447, 1.0266522945312457349, 8.6999999999999992895, 0.83855570080732977356, 8.5999999999999996447, 0, 8.5999999999999996447, -0.0027549853449464478672, 8.5999999999999996447, 0, 8.6999999999999992895, 0.0043748790190036856984
8.6999999999999992895, 1, 8.6999999999999992895, 0.91979200267401717284, 8.6999999999999992895, 1.026652289596237777, 8.8000000000000007105, 0.83855569079602298999, 8.6999999999999992895, 0, 8.6999999999999992895, -0.0024444939809624699478, 8.6999999999999992895, 0, 8.8000000000000007105, 0.0038818073617676862597
8.8000000000000007105, 1, 8.8000000000000007105, 0.91979200269704985971, 8.8000000000000007105, 1.0266522871283583207, 8.9000000000000003553, 0.83855568579661032835, 8.8000000000000007105, 0, 8.8000000000000007105, -0.0021689954742729611326, 8.8000000000000007105, 0, 8.9000000000000003553, 0.0034443134640338435304
8.9000000000000003553, 1, 8.9000000000000003553, 0.91979200270878758161, 8.9000000000000003553, 1.0266522858943245566, 9, 0.83855568330004381927, 8.9000000000000003553, 0, 8.9000000000000003553, -0.0019245460900423339012, 8.9000000000000003553, 0, 9, 0.0030561297337008408448
9, 1, 9, 0.91979200271471184269, 9, 1.0266522852772843599, 9.0999999999999996447, 0.83855568205333541609, 9, 0, 9, -0.0017076465495389214766, 9, 0, 9.0999999999999996447, 0.0027116968921054862562
9.0999999999999996447, 1, 9.0999999999999996447, 0.91979200271768779551, 9.0999999999999996447, 1.0266522849687584884, 9.1999999999999992895, 0.83855568143076963938, 9.0999999999999996447, 0, 9.0999999999999996447, -0.0015151919439939653955, 9.0999999999999996447, 0, 9.1999999999999992895, 0.0024060831720837949632
9.1999999999999992895, 1, 9.1999999999999992895, 0.91979200271917926912, 9.1999999999999992895, 1.0266522848144938873, 9.3000000000000007105, 0.83855568111988165736, 9.1999999999999992895, 0, 9.1999999999999992895, -0.0013444272907690013596, 9.1999999999999992895, 0, 9.3000000000000007105, 0.0021349131100201201861
9.3000000000000007105, 1, 9.3000000000000007105, 0.91979200271992589411, 9.3000000000000007105, 1.0266522847373611427, 9.4000000000000003553, 0.83855568096463484196, 9.3000000000000007105, 0, 9.3000000000000007105, -0.0011929080972343797384, 9.3000000000000007105, 0, 9.4000000000000003553, 0.0018943046066215440959
9.4000000000000003553, 1, 9.4000000000000003553, 0.91979200272029926211, 9.4000000000000003553, 1.0266522846987948814, 9.5, 0.83855568088711007757, 9.4000000000000003553, 0, 9.4000000000000003553, -0.0010584653685894451769, 9.4000000000000003553, 0, 9.5, 0.0016808132026426836347
9.5, 1, 9.5, 0.91979200272048600162, 9.5, 1.0266522846795116397, 9.5999999999999996447, 0.83855568084839715581, 9.5, 0, 9.5, -0.00093917455908210101256, 9.5, 0, 9.5999999999999996447, 0.0014913826955511577665
9.5999999999999996447, 1, 9.5999999999999996447, 0.9197920027205794824, 9.5999999999999996447, 1.0266522846698700189, 9.6999999999999992895, 0.83855568082906506433, 9.5999999999999996447, 0, 9.5999999999999996447, -0.00083332802233115899071, 9.5999999999999996447, 0, 9.6999999999999992895, 0.0013233013521019021397
9.6999999999999992895, 1, 9.6999999999999992895, 0.91979200272062611177, 9.6999999999999992895, 1.0266522846650492085, 9.8000000000000007105, 0.83855568081941167513, 9.6999999999999992895, 0, 9.6999999999999992895, -0.00073941056647708336413, 9.6999999999999992895, 0, 9.8000000000000007105, 0.0011741630709689587775
9.8000000000000007105, 1, 9.8000000000000007105, 0.91979200272064942645, 9.8000000000000007105, 1.0266522846626386922, 9.9000000000000003553, 0.83855568081459108676, 9.8000000000000007105, 0, 9.8000000000000007105, -0.00065607776427079045334, 9.8000000000000007105, 0, 9.9000000000000003553, 0.0010418329299775042074
9.9000000000000003553, 1, 9.9000000000000003553, 0.91979200272066108379, 9.9000000000000003553, 1.0266522846614336562, 10, 0.83855568081218379017, 9.9000000000000003553, 0, 9.9000000000000003553, -0.00058213670763684888243, 9.9000000000000003553, 0, 10, 0.00092441661999353996748
10, 1, 10, 0.919792002720667079, 10, 1.0266522846608310271, 10.099999999999999645, 0.8385556808109817517, 10, 0, 10, -0.0005165289312163423574, 10, 0, 10.099999999999999645, 0.0008202333255540317225
10.099999999999999645, 1, 10.099999999999999645, 0.9197920027206700766, 10.099999999999999645, 1.0266522846605297126, 10.199999999999999289, 0.83855568081038167616, 10.099999999999999645, 0, 10.099999999999999645, -0.00045831526045603254715, 10.099999999999999645, 0, 10.199999999999999289, 0.00072779166283476470767
10.199999999999999289, 1, 10.199999999999999289, 0.91979200272067151989, 10.199999999999999289, 1.0266522846603791663, 10.300000000000000711, 0.83855568081008202697, 10.199999999999999289, 0, 10.199999999999999289, -0.00040666236733555294336, 10.199999999999999289, 0, 10.300000000000000711, 0.00064576832991991572896
10.300000000000000711, 1, 10.300000000000000711, 0.91979200272067229704, 10.300000000000000711, 1.0266522846603038932, 10.400000000000000355, 0.8385556808099323689, 10.300000000000000711, 0, 10.300000000000000711, -0.00036083084129101550275, 10.300000000000000711, 0, 10.400000000000000355, 0.00057298916345716044418
10.400000000000000355, 1, 10.400000000000000355, 0.91979200272067274113, 10.400000000000000355, 1.0266522846602663677, 10.5, 0.83855568080985753987, 10.400000000000000355, 0, 10.400000000000000355, -0.0003201646045578598887, 10.400000000000000355, 0, 10.5, 0.00050841233037512978399
10.5, 1, 10.5, 0.91979200272067296318, 10.5, 1.0266522846602474939, 10.599999999999999645, 0.83855568080982023638, 10.5, 0, 10.5, -0.00028408152042924683656, 10.5, 0, 10.599999999999999645, 0.00045111341398507143197
10.599999999999999645, 1, 10.599999999999999645, 0.9197920027206730742, 10.599999999999999645, 1.026652284660237946, 10.699999999999999289, 0.83855568080980169565, 10.599999999999999645, 0, 10.599999999999999645, -0.00025206505997354966553, 10.599999999999999645, 0, 10.699999999999999289, 0.00040027218092508753955
10.699999999999999289, 1, 10.699999999999999289, 0.91979200272067318522, 10.699999999999999289, 1.026652284660233283, 10.800000000000000711, 0.83855568080979236978, 10.699999999999999289, 0, 10.699999999999999289, -0.00022365690793080261756, 10.699999999999999289, 0, 10.800000000000000711, 0.00035516083951558918841
10.800000000000000711, 1, 10.800000000000000711, 0.9197920027206730742, 10.800000000000000711, 1.0266522846602308405, 10.900000000000000355, 0.83855568080978770684, 10.800000000000000711, 0, 10.800000000000000711, -0.00019845040193366969561, 10.800000000000000711, 0, 10.900000000000000355, 0.00031513362141755152379
10.900000000000000355, 1, 10.900000000000000355, 0.91979200272067318522, 10.900000000000000355, 1.0266522846602297303, 11, 0.8385556808097854864, 10.900000000000000355, 3.590997587859735133e-17, 10.900000000000000355, -0.00017608471114050061601, 10.900000000000000355, 3.590997587859735133e-17, 11, 0.00027961753746330586523
11, 1, 11, 0.91979200272067318522, 11, 1.0266522846602292862, 11.099999999999999645, 0.83855568080978415413, 11, 3.590997587859735133e-17, 11, -0.00015623967094713364645, 11, 3.590997587859735133e-17, 11.099999999999999645, 0.0002481041753201740363
11.099999999999999645, 1, 11.099999999999999645, 0.91979200272067318522, 11.099999999999999645, 1.0266522846602288421, 11.199999999999999289, 0.83855568080978371004, 11.099999999999999645, 2.7321717122914902263e-17, 11.099999999999999645, -0.00013863119983303917593, 11.099999999999999645, 2.7321717122914902263e-17, 11.199999999999999289, 0.00022014242157308849812
11.199999999999999289, 1, 11.199999999999999289, 0.91979200272067318522, 11.199999999999999289, 1.0266522846602288421, 11.300000000000000711, 0.83855568080978337697, 11.199999999999999289, 1.941725971891173273e-17, 11.199999999999999289, -0.00012300723273828140236, 11.199999999999999289, 1.941725971891173273e-17, 11.300000000000000711, 0.00019533200404064920974
11.300000000000000711, 1, 11.300000000000000711, 0.91979200272067318522, 11.300000000000000711, 1.0266522846602288421, 11.400000000000000355, 0.83855568080978326595, 11.300000000000000711, 3.6840906904403429456e-17, 11.300000000000000711, -0.00010914411275475544016, 11.300000000000000711, 3.6840906904403429456e-17, 11.400000000000000355, 0.00017331776188322933763
11.400000000000000355, 1, 11.400000000000000355, 0.91979200272067318522, 11.400000000000000355, 1.0266522846602288421, 11.5, 0.83855568080978304391, 11.400000000000000355, 3.7045892228532254177e-17, 11.400000000000000355, -9.684338948101611777e-5, 11.400000000000000355, 3.7045892228532254177e-17, 11.5, 0.00015378456147918662111
11.5, 1, 11.5, 0.91979200272067318522, 11.5, 1.0266522846602288421, 11.599999999999999645, 0.83855568080978304391, 11.5, 3.3566786862220732254e-17, 11.5, -8.592897820536293807e-5, 11.5, 3.3566786862220732254e-17, 11.599999999999999645, 0.00013645278529073046059
11.599999999999999645, 1, 11.599999999999999645, 0.91979200272067318522, 11.599999999999999645, 1.0266522846602288421, 11.699999999999999289, 0.83855568080978304391, 11.599999999999999645, 3.0067182963496324778e-17, 11.599999999999999645, -7.6244639257261326293e-5, 11.599999999999999645, 3.0067182963496324778e-17, 11.699999999999999289, 0.00012107432914287841186
11.699999999999999289, 1, 11.699999999999999289, 0.91979200272067318522, 11.699999999999999289, 1.0266522846602288421, 11.800000000000000711, 0.83855568080978304391, 11.699999999999999289, 2.6915489601403067645e-17, 11.699999999999999289, -6.7651741436858259249e-5, 11.699999999999999289, 2.6915489601403067645e-17, 11.800000000000000711, 0.00010742905061378316134
11.800000000000000711, 1, 11.800000000000000711, 0.91979200272067318522, 11.800000000000000711, 1.0266522846602288421, 11.900000000000000355, 0.83855568080978304391, 11.800000000000000711, 2.4113756629182252493e-17, 11.800000000000000711, -6.0027277511309762303e-5, 11.800000000000000711, 2.4113756629182252493e-17, 11.900000000000000355, 9.5321617699539729074e-5
11.900000000000000355, 1, 11.900000000000000355, 0.91979200272067318522, 11.900000000000000355, 1.0266522846602288421, 12, 0.83855568080978304391, 11.900000000000000355, 2.162719299317076367e-17, 11.900000000000000355, -5.3262103367757163142e-5, 11.900000000000000355, 2.162719299317076367e-17, 12, 8.4578712638228026321e-5
12, 1, 12, 0.91979200272067318522, 12, 1.0266522846602288421, 12.099999999999999645, 0.83855568080978304391, 12, 1.9420802654381355129e-17, 12, -4.7259375616448551227e-5, 12, 1.9420802654381355129e-17, 12.099999999999999645, 7.5046550868318462335e-5
12.099999999999999645, 1, 12.099999999999999645, 0.91979200272067318522, 12.099999999999999645, 1.0266522846602288421, 12.199999999999999289, 0.83855568080978304391, 12.099999999999999645, 1.7463068679193096396e-17, 12.099999999999999645, -4.1933165279672834913e-5, 12.099999999999999645, 1.7463068679193096396e-17, 12.199999999999999289, 6.6588679604517864163e-5
12.199999999999999289, 1, 12.199999999999999289, 0.91979200272067318522, 12.199999999999999289, 1.0266522846602288421, 12.300000000000000711, 0.83855568080978304391, 12.199999999999999289, 1.5725973737883776976e-17, 12.199999999999999289, -3.7207227717939161948e-5, 12.199999999999999289, 1.5725973737883776976e-17, 12.300000000000000711, 5.9084024517597200088e-5
12.300000000000000711, 1, 12.300000000000000711, 0.91979200272067318522, 12.300000000000000711, 1.0266522846602288421, 12.400000000000000355, 0.83855568080978304391, 12.300000000000000711, 1.4184652194093284661e-17, 12.300000000000000711, -3.3013911190149514141e-5, 12.300000000000000711, 1.4184652194093284661e-17, 12.400000000000000355, 5.2425156557234231514e-5
12.400000000000000355, 1, 12.400000000000000355, 0.91979200272067318522, 12.400000000000000355, 1.0266522846602288421, 12.5, 0.83855568080978304391, 12.400000000000000355, 1.281704014443372737e-17, 12.400000000000000355, -2.9293188418488824709e-5, 12.400000000000000355, 1.281704014443372737e-17, 12.5, 4.6516754105496715965e-5
12.5, 1, 12.5, 0.91979200272067318522, 12.5, 1.0266522846602288421, 12.599999999999999645, 0.83855568080978304391, 12.5, 1.1603560249153218078e-17, 12.5, -2.5991797299340646532e-5, 12.5, 1.1603560249153218078e-17, 12.599999999999999645, 4.1274238449684474972e-5
12.599999999999999645, 1, 12.599999999999999645, 0.91979200272067318522, 12.599999999999999645, 1.0266522846602288421, 12.699999999999999289, 0.83855568080978304391, 12.599999999999999645, 1.0526841558838665748e-17, 12.599999999999999645, -2.3062478457624990824e-5, 12.599999999999999645, 1.0526841558838665748e-17, 12.699999999999999289, 3.6622563039045985533e-5
12.699999999999999289, 1, 12.699999999999999289, 0.91979200272067318522, 12.699999999999999289, 1.0266522846602288421, 12.800000000000000711, 0.83855568080978304391, 12.699999999999999289, 9.5714708580521612656e-18, 12.699999999999999289, -2.0463298727513290487e-5, 12.699999999999999289, 9.5714708580521612656e-18, 12.800000000000000711, 3.2495139194121946957e-5
12.800000000000000711, 1, 12.800000000000000711, 0.91979200272067318522, 12.800000000000000711, 1.0266522846602288421, 12.900000000000000355, 0.83855568080978304391, 12.800000000000000711, 8.7237720262971138649e-18, 12.800000000000000711, -1.8157050881928427088e-5, 12.800000000000000711, 8.7237720262971138649e-18, 12.900000000000000355, 2.8832882890128530562e-5
12.900000000000000355, 1, 12.900000000000000355, 0.91979200272067318522, 12.900000000000000355, 1.0219291424988159456, 13, 0.83757279974436360526, 12.900000000000000355, 7.9716102646207187614e-18, 12.900000000000000355, -1.6110721009265915882e-5, 12.900000000000000355, 7.9716102646207187614e-18, 13, -0.0011536719893998625963
13, 1, 13, 0.91700530812690839166, 13, 1.0019611609998739787, 13.099999999999999645, 0.83246578877440213784, 13, 7.0992330619910079912e-18, 13, -0.00048037278863599652823, 13, 7.0992330619910079912e-18, 13.099999999999999645, -0.007351764422026896284
13.099999999999999645, 1, 13.099999999999999645, 0.90413324021491892069, 13.099999999999999645, 0.93572312484954456302, 13.199999999999999289, 0.81317294160425124261, 13.099999999999999645, -1.8827500114154387735e-17, 13.099999999999999645, -0.0028243768301630112205, 13.099999999999999645, -1.8827500114154387735e-17, 13.199999999999999289, -0.031856021892898267467
13.199999999999999289, 1, 13.199999999999999289, 0.85996489381310348143, 13.199999999999999289, 0.72849705980481449519, 13.300000000000000711, 0.75066403414892657331, 13.199999999999999289, -6.827833427990429826e-17, 13.199999999999999289, -0.014009450810828827372, 13.199999999999999289, -6.827833427990429826e-17, 13.300000000000000711, -0.15236749397431581521
13.300000000000000711, 1, 13.300000000000000711, 0.71506043132671004425, 13.300000000000000711, 0.41686667182916853358, 13.400000000000000355, 0.75846378103614209287, 13.300000000000000711, -6.9364207498049924749e-17, 13.300000000000000711, -0.099838550251228230792, 13.300000000000000711, -6.9364207498049924749e-17, 13.400000000000000355, -0.39788083919853534098
13.400000000000000355, 1, 13.400000000000000355, 0.61990334386020473634, 13.400000000000000355, 0.89954603000712818339, 13.5, 0.87427182997607399972, 13.400000000000000355, -6.5689292592698125625e-17, 13.400000000000000355, -5.5178411055635105953, 13.400000000000000355, -6.5689292592698125625e-17, 13.5, -0.48148177293199512228
13.5, 1, 13.5, 0.96527105714822158955, 13.5, 0.99655181225875499873, 13.599999999999999645, 0.95112326972776772838, 13.5, -6.1880933394926371358e-17, 13.5, -5.4798370351662093469, 13.5, -6.1880933394926371358e-17, 13.599999999999999645, -0.43929253247077504341
13.599999999999999645, 1, 13.599999999999999645, 1, 13.599999999999999645, 1, 13.699999999999999289, 0.98155088909502652417, 13.599999999999999645, -5.8406050805402879828e-17, 13.599999999999999645, -5.6893545389931965417, 13.599999999999999645, -5.8406050805402879828e-17, 13.699999999999999289, -0.37622587194160406199
13.699999999999999289, 1, 13.699999999999999289, 1, 13.699999999999999289, 1, 13.800000000000000711, 0.99155127197771519842, 13.699999999999999289, -5.5291960139878818169e-17, 13.699999999999999289, -0.4531628924190109764, 13.699999999999999289, -5.5291960139878818169e-17, 13.800000000000000711, -0.32271901303052907828
13.800000000000000711, 1, 13.800000000000000711, 1, 13.800000000000000711, 1, 13.900000000000000355, 0.9949273801889030322, 13.800000000000000711, -5.2523130622665136263e-17, 13.800000000000000711, -0.30975878862045336248, 13.800000000000000711, -5.2523130622665136263e-17, 13.900000000000000355, -0.28004573117680875427
13.900000000000000355, 1, 13.900000000000000355, 0.99999999999999988898, 13.900000000000000355, 1, 14, 0.99641588197731434384, 13.900000000000000355, -5.0083530527657569485e-17, 13.900000000000000355, -0.2742554923261195654, 13.900000000000000355, -5.0083530527657569485e-17, 14, -0.24522390733692733811
14, 1, 14, 1, 14, 0.99999999999999988898, 14.099999999999999645, 0.99732976134304540672, 14, -4.7961438123369653028e-17, 14, -0.25227655449719277314, 14, -4.7961438123369653028e-17, 14.099999999999999645, -0.2159523289335620877
14.099999999999999645, 1, 14.099999999999999645, 0.99999999999999988898, 14.099999999999999645, 1, 14.199999999999999289, 0.99800363632068711528, 14.099999999999999645, -4.6150514278828544955e-17, 14.099999999999999645, -0.23341825599759902232, 14.099999999999999645, -4.6150514278828544955e-17, 14.199999999999999289, -0.19080762649488391958
14.199999999999999289, 1, 14.199999999999999289, 1, 14.199999999999999289, 1, 14.300000000000000711, 0.99853568309062412656, 14.199999999999999289, -4.4650835772122194673e-17, 14.199999999999999289, -0.21640355308174985538, 14.199999999999999289, -4.4650835772122194673e-17, 14.300000000000000711, -0.16891106964689628356
14.300000000000000711, 1, 14.300000000000000711, 1, 14.300000000000000711, 1, 14.400000000000000355, 0.99896764752035860369, 14.300000000000000711, -4.3470464019017984048e-17, 14.300000000000000711, -0.20095939558773645572, 14.300000000000000711, -4.3470464019017984048e-17, 14.400000000000000355, -0.14968779526197906193
14.400000000000000355, 1, 14.400000000000000355, 0.99999999999999988898, 14.400000000000000355, 1, 14.5, 0.99932397239964199098, 14.400000000000000355, -4.2627919110057263046e-17, 14.400000000000000355, -0.18693525578275860255, 14.400000000000000355, -4.2627919110057263046e-17, 14.5, -0.13273218383882867677
14.5, 1, 14.5, 1, 14.5, 1, 14.599999999999999645, 0.99962122930076569016, 14.5, -4.2156138081797042861e-17, 14.5, -0.17420647076966044864, 14.5, -4.2156138081797042861e-17, 14.599999999999999645, -0.11773678613909388524
14.599999999999999645, 0.99999999999999911182, 14.599999999999999645, 0.99999999999999988898, 14.599999999999999645, 1, 14.699999999999999289, 1, 14.599999999999999645, -4.2108959978970987563e-17, 14.599999999999999645, -0.16266267803308265272, 14.599999999999999645, -4.2108959978970987563e-17, 14.699999999999999289, -0.10189111674034689869
14.699999999999999289, 0.89999999999999946709, 14.699999999999999289, 1, 14.699999999999999289, 1.000000000000000222, 14.800000000000000711, 1, 14.699999999999999289, -4.2572119501788030912e-17, 14.699999999999999289, -0.15220561210751792913, 14.699999999999999289, -4.2572119501788030912e-17, 14.800000000000000711, -0.094448903425394803435
14.800000000000000711, 0.79999999999999982236, 14.800000000000000711, 1, 14.800000000000000711, 1, 14.900000000000000355, 1, 14.800000000000000711, -4.3682738441614410597e-17, 14.800000000000000711, -0.1427480717929925369, 14.800000000000000711, -4.3682738441614410597e-17, 14.900000000000000355, -0.088455280111762624173
14.900000000000000355, 0.70999999999999996447, 14.900000000000000355, 1, 14.900000000000000355, 1, 15, 1, 14.900000000000000355, -4.4962775026288130936e-17, 14.900000000000000355, -0.13421317272771382534, 14.900000000000000355, -4.4962775026288130936e-17, 15, -0.08312254267138041719
15, 0.62999999999999989342, 15, 0.99999999999999988898, 15, 1, 15.099999999999999645, 0.99999999999999988898, 15, -4.6304059915623601936e-17, 15, -0.12653379590544533428, 15, -4.6304059915623601936e-17, 15.099999999999999645, -0.078329816890058578949
15.099999999999999645, 0.55900000000000016342, 15.099999999999999645, 1, 15.099999999999999645, 1, 15.199999999999999289, 0.99999999999999988898, 15.099999999999999645, -4.7688977858449616608e-17, 15.099999999999999645, -0.11965223813581138401, 15.099999999999999645, -4.7688977858449616608e-17, 15.199999999999999289, -0.074032529653855316809
15.199999999999999289, 0.49600000000000044054, 15.199999999999999289, 1, 15.199999999999999289, 1, 15.300000000000000711, 1, 15.199999999999999289, -4.9115841231972550501e-17, 15.199999999999999289, -0.11352009399537310586, 15.199999999999999289, -4.9115841231972550501e-17, 15.300000000000000711, -0.070199294856317262514
15.300000000000000711, 0.44010000000000015774, 15.300000000000000711, 1, 15.300000000000000711, 1, 15.400000000000000355, 1, 15.300000000000000711, -5.0585469973887842962e-17, 15.300000000000000711, -0.108098420580077903, 15.300000000000000711, -5.0585469973887842962e-17, 15.400000000000000355, -0.066805280320424209606
15.400000000000000355, 0.39050000000000029132, 15.400000000000000355, 1, 15.400000000000000355, 1, 15.5, 1, 15.400000000000000355, -5.2099082549038407702e-17, 15.400000000000000355, -0.10335826776777290448, 15.400000000000000355, -5.2099082549038407702e-17, 15.5, -0.063831788737951145052
15.5, 0.34649000000000018673, 15.5, 1, 15.5, 0.99999999999999988898, 15.599999999999999645, 1, 15.5, -5.365798662666818775e-17, 15.5, -0.099281705607630499344, 15.5, -5.365798662666818775e-17, 15.599999999999999645, -0.061266765890184426979
15.599999999999999645, 0.30743999999999971351, 15.599999999999999645, 1, 15.599999999999999645, 0.99999999999999988898, 15.699999999999999289, 1, 15.599999999999999645, -5.5263536275002245249e-17, 15.599999999999999645, -0.095863559470595216538, 15.599999999999999645, -5.5263536275002245249e-17, 15.699999999999999289, -0.059105787200174564333
15.699999999999999289, 0.27279099999999978365, 15.699999999999999289, 1, 15.699999999999999289, 1, 15.800000000000000711, 1, 15.699999999999999289, -5.6917127065772459327e-17, 15.699999999999999289, -0.093114195566068147514, 15.699999999999999289, -5.6917127065772459327e-17, 15.800000000000000711, -0.05735365852394269659
15.800000000000000711, 0.24204699999999945703, 15.800000000000000711, 0.99999999999999988898, 15.800000000000000711, 1.000000000000000222, 15.900000000000000355, 0.99999999999999988898, 15.800000000000000711, -5.8620196461528706251e-17, 15.800000000000000711, -0.091063927571959357721, 15.800000000000000711, -5.8620196461528706251e-17, 15.900000000000000355, -0.056026950610369885553
15.900000000000000355, 0.21476789999999912339, 15.900000000000000355, 1, 15.900000000000000355, 1, 16, 0.99999999999999988898, 15.900000000000000355, -6.0374224954142540754e-17, 15.900000000000000355, -0.08977002461442618042, 15.900000000000000355, -6.0374224954142540754e-17, 16, -0.05515802373154699012
16, 0.19056319999999882242, 16, 0.99999999999999988898, 16, 0.93923770986837207264, 16.100000000000001421, 1, 16, -6.2180737336983678237e-17, 16, -0.089328067457248749861, 16, -6.2180737336983678237e-17, 16.100000000000001421, -0.054801530524027031177
16.100000000000001421, 0.16908640999999846599, 16.100000000000001421, 0.93513790116275918862, 16.100000000000001421, 0.84162292230087742961, 16.199999999999999289, 0.95102733005705175628, 16.100000000000001421, -6.4041304028468800086e-17, 16.100000000000001421, -0.089890906012302984607, 16.100000000000001421, -6.4041304028468800086e-17, 16.199999999999999289, -0.055045226923972512267
16.199999999999999289, 0.15003008999999867257, 16.199999999999999289, 0.83558987055477018657, 16.199999999999999289, 0.75003584455156968591, 16.300000000000000711, 0.85119657121377312325, 16.199999999999999289, -6.5957542436979888871e-17, 16.199999999999999289, -0.091701602306909713036, 16.199999999999999289, -6.5957542436979888871e-17, 16.300000000000000711, -0.056028659188358753696
16.300000000000000711, 0.1331214489999990036, 16.300000000000000711, 0.74251837386065455693, 16.300000000000000711, 0.66807913192997780971, 16.399999999999998579, 0.75626182524527041373, 16.300000000000000711, -6.7931118366860239535e-17, 16.300000000000000711, -0.094245614388312581866, 16.300000000000000711, -6.7931118366860239535e-17, 16.399999999999998579, -0.057566320862468822739
16.399999999999998579, 0.11811843999999904753, 16.399999999999998579, 0.65937709684886236516, 16.399999999999998579, 0.59515042562311981644, 16.5, 0.67130103126168083616, 16.399999999999998579, -6.9963747466508833971e-17, 16.399999999999998579, -0.097001257540664020951, 16.399999999999998579, -6.9963747466508833971e-17, 16.5, -0.059258785658782064942
16.5, 0.10480629509999950244, 16.5, 0.58551847483579833042, 16.5, 0.5302937548089025066, 16.600000000000001421, 0.5958244289379182046, 16.5, -7.2057196719807412128e-17, 16.5, -0.099858823787470907263, 16.5, -7.2057196719807412128e-17, 16.600000000000001421, -0.061019360457040594525
16.600000000000001421, 0.092994451099999153598, 16.600000000000001421, 0.51995080521656300565, 16.600000000000001421, 0.47261355014606537539, 16.699999999999999289, 0.52883510670043376578, 16.600000000000001421, -7.4213285982181330098e-17, 16.600000000000001421, -0.10280162407055160045, 16.600000000000001421, -7.4213285982181330098e-17, 16.699999999999999289, -0.062834524996865814828
16.699999999999999289, 0.082513821589999203354, 16.699999999999999289, 0.46174717463413650353, 16.699999999999999289, 0.42130946550050157873, 16.800000000000000711, 0.4693851572272982331, 16.699999999999999289, -7.6433889562609297965e-17, 16.699999999999999289, -0.10582891967770047259, 16.699999999999999289, -7.6433889562609297965e-17, 16.800000000000000711, -0.064703465299512652464
16.800000000000000711, 0.073214376479999287994, 16.800000000000000711, 0.41007977043627413805, 16.800000000000000711, 0.37567031344139412141, 16.899999999999998579, 0.41662633938310161819, 16.800000000000000711, -7.8720937852985627482e-17, 16.800000000000000711, -0.10894244867679381272, 16.800000000000000711, -7.8720937852985627482e-17, 16.899999999999998579, -0.066627361729141743041
16.899999999999998579, 0.064962994320999278841, 16.899999999999998579, 0.36421339679082176399, 16.899999999999998579, 0.33506456228117365015, 17, 0.36980517460127704243, 16.899999999999998579, -8.1076419006225159689e-17, 16.899999999999998579, -0.11214433576318283414, 16.899999999999998579, -8.1076419006225159689e-17, 17, -0.068607717180809046909
17, 0.057641556672999527677, 17, 0.32349556817553537513, 17, 0.29893144213813960253, 17.100000000000001421, 0.32825298149650733448, 17, -8.3502380664581925522e-17, 17, -0.11543678591969941394, 17, -8.3502380664581925522e-17, 17.100000000000001421, -0.070646112537863015035
17.100000000000001421, 0.051145257240899688611, 17.100000000000001421, 0.28734725179379949633, 17.100000000000001421, 0.26677300033090395326, 17.199999999999999289, 0.29137640115254592743, 17.100000000000001421, -8.6000931739688608849e-17, 17.100000000000001421, -0.11882203956112569188, 17.100000000000001421, -8.6000931739688608849e-17, 17.199999999999999289, -0.072744172469931367431
17.199999999999999289, 0.045381101573600091115, 17.199999999999999289, 0.25525460046874448583, 17.199999999999999289, 0.23814704496089075803, 17.300000000000000711, 0.25864891889345936749, 17.199999999999999289, -8.8574244245847867699e-17, 17.199999999999999289, -0.12230236435780472704, 17.199999999999999289, -8.8574244245847867699e-17, 17.300000000000000711, -0.074903560987678030614
17.300000000000000711, 0.040266575849510211071, 17.300000000000000711, 0.22676161107129491623, 17.300000000000000711, 0.21266088179408756953, 17.399999999999998579, 0.22960333344180225423, 17.300000000000000711, -9.1224555188192851104e-17, 17.300000000000000711, -0.12588005184757466992, 17.300000000000000711, -9.1224555188192851104e-17, 17.399999999999998579, -0.077125981056921810719
17.399999999999998579, 0.035728465692150379596, 17.399999999999998579, 0.20146360944178770547, 17.399999999999998579, 0.18996575568901025166, 17.5, 0.20382507381734915608, 17.399999999999998579, -9.3954168507327617605e-17, 17.399999999999998579, -0.12955741440721002533, 17.399999999999998579, -9.3954168507327617605e-17, 17.5, -0.07941317470392017519
17.5, 0.031701808107198914399, 17.5, 0.17900146926399185254, 17.5, 0.16975191730498775944, 17.600000000000001421, 0.18094626924225185038, 17.5, -9.6765457082177797174e-17, 17.5, -0.13333678195948284184, 17.5, -9.6765457082177797174e-17, 17.600000000000001421, -0.081766923118406165116
17.600000000000001421, 0.028128961537984054075, 17.600000000000001421, 0.15905648225416813002, 17.600000000000001421, 0.15174424469659805736, 17.699999999999999289, 0.16064048728311117187, 17.600000000000001421, -9.9660864792731227931e-17, 17.600000000000001421, -0.13722049830913407575, 17.600000000000001421, -9.9660864792731227931e-17, 17.699999999999999289, -0.084189046680017032287
17.699999999999999289, 0.024958780727263985, 17.699999999999999289, 0.14134580628125728574, 17.699999999999999289, 0.13569835732314300403, 17.800000000000000711, 0.14261806493362169657, 17.699999999999999289, -1.0264290864456351016e-16, 17.699999999999999289, -0.14121091706988631032, 17.699999999999999289, -1.0264290864456351016e-16, 17.800000000000000711, -0.086681404889598301367
17.800000000000000711, 0.022145884573465224321, 17.800000000000000711, 0.12561842629736777455, 17.800000000000000711, 0.12139716703812410137, 17.899999999999998579, 0.12662196581815726715, 17.800000000000000711, -1.0571418095686627155e-16, 17.800000000000000711, -0.14531039715303384341, 17.800000000000000711, -1.0571418095686627155e-16, 17.899999999999998579, -0.089245896193600460222
17.899999999999998579, 0.019650006500739003457, 17.899999999999998579, 0.11165157029549312162, 17.899999999999998579, 0.10864781686765126456, 18, 0.11242410422604381948, 17.899999999999998579, -1.0887735161597164448e-16, 17.899999999999998579, -0.14952129778869682752, 17.899999999999998579, -1.0887735161597164448e-16, 18, -0.091884457690013743303
18, 0.01743541804339265866, 18, 0.099247529022883751448, 18, 0.096817145541565396982, 18.100000000000001421, 0.099822083368023950545, 18, -1.1213517039634034976e-16, 18, -0.15384597305044378501, 18, -1.1213517039634034976e-16, 18.100000000000001421, -0.094599064703475788107
18.100000000000001421, 0.015470417393318669497, 18.100000000000001421, 0.088230833956240609095, 18.100000000000001421, 0.085994176251154796908, 18.199999999999999289, 0.088636301175217563353, 18.100000000000001421, -1.1549046935094949807e-16, 18.100000000000001421, -0.15828676585380607733, 18.100000000000001421, -1.1549046935094949807e-16, 18.199999999999999289, -0.097391730216317196067
18.199999999999999289, 0.013726875588979225995, 18.199999999999999289, 0.078445753171549545413, 18.199999999999999289, 0.076334757492940788492, 18.300000000000000711, 0.078707382221545843515, 18.199999999999999289, -1.1894616527321318894e-16, 18.199999999999999289, -0.16284600139895877291, 18.199999999999999289, -1.1894616527321318894e-16, 18.300000000000000711, -0.10026450414129128852
18.300000000000000711, 0.012179833849647714317, 18.300000000000000711, 0.069754069290246620283, 18.300000000000000711, 0.067766577426593282985, 18.399999999999998579, 0.069893899018351496322, 18.300000000000000711, -1.2250526223256940621e-16, 18.300000000000000711, -0.16752598002834329094, 18.300000000000000711, -1.2250526223256940621e-16, 18.399999999999998579, -0.1032194724208141956
18.399999999999998579, 0.010807146290749969353, 18.399999999999998579, 0.062033107719672513081, 18.399999999999998579, 0.060163504283027420538, 18.5, 0.062070350071699698091, 18.399999999999998579, -1.261708541860043899e-16, 18.399999999999998579, -0.17232896947046061342, 18.399999999999998579, -1.261708541860043899e-16, 18.5, -0.10625875593633105076
18.5, 0.0095891629057849314677, 18.5, 0.055173986987162609852, 18.5, 0.053415547242010384676, 18.600000000000001421, 0.05512536576777891939, 18.5, -1.2994612766761773556e-16, 18.5, -0.17725719644224025018, 18.5, -1.2994612766761773556e-16, 18.600000000000001421, -0.10938450921051345865
18.600000000000001421, 0.0085084482767099345324, 18.600000000000001421, 0.049080066144913454818, 18.600000000000001421, 0.04742621392436615485, 18.699999999999999289, 0.048960116412636513206, 18.600000000000001421, -1.3383436455866239923e-16, 18.600000000000001421, -0.18231283758393068695, 18.600000000000001421, -1.3383436455866239923e-16, 18.699999999999999289, -0.11259891888373174673
18.699999999999999289, 0.0075495319861316190213, 18.699999999999999289, 0.043665567042448713564, 18.699999999999999289, 0.042110084505429530577, 18.800000000000000711, 0.043486899645785052904, 18.699999999999999289, -1.37838944940587365e-16, 18.699999999999999289, -0.18749800970247720855, 18.699999999999999289, -1.37838944940587365e-16, 18.800000000000000711, -0.1159042019451813621
18.800000000000000711, 0.0066986871584608920216, 18.800000000000000711, 0.038854351765424455234, 18.800000000000000711, 0.037391389595556739911, 18.899999999999998579, 0.038627887014456366299, 18.800000000000000711, -1.4196335003335435221e-16, 18.800000000000000711, -0.19281475930223423987, 18.800000000000000711, -1.4196335003335435221e-16, 18.899999999999998579, -0.11930260369786327423
18.899999999999998579, 0.0059437339598478189373, 18.899999999999998579, 0.034578837759492109249, 18.899999999999998579, 0.033202896902347941999, 19, 0.034314011773199072641, 18.899999999999998579, -1.4621116522170891432e-16, 18.899999999999998579, -0.19826505138526617777, 18.899999999999998579, -1.4621116522170891432e-16, 19, -0.12279639543542097968
19, 0.0052738652440016409173, 19, 0.030779035127739228644, 19, 0.029484945943267060198, 19.100000000000001421, 0.030483981994708902324, 19, -1.5058608317195794398e-16, 19, -0.20385075750783321347, 19, -1.5058608317195794398e-16, 19.100000000000001421, -0.12638787180778221497
19.100000000000001421, 0.0046794918480168590236, 19.100000000000001421, 0.027401692338056570647, 19.100000000000001421, 0.026184594590653604423, 19.199999999999999289, 0.027083404871204887904, 19.100000000000001421, -1.5509190704202105602e-16, 19.100000000000001421, -0.20957364308456671864, 19.100000000000001421, -1.5509190704202105602e-16, 19.199999999999999289, -0.13007934785129016131
19.199999999999999289, 0.0041521053236168725675, 19.199999999999999289, 0.024399538127637430268, 19.199999999999999289, 0.023254862173262436792, 19.300000000000000711, 0.024064009676959586398, 19.199999999999999289, -1.5973255378758854952e-16, 19.199999999999999289, -0.21543535393816037882, 19.199999999999999289, -1.5973255378758854952e-16, 19.300000000000000711, -0.13387315565803636908
19.300000000000000711, 0.0036841561388154531187, 19.300000000000000711, 0.021730608767914952328, 19.300000000000000711, 0.020654057910463874403, 19.399999999999998579, 0.024064009676959586398, 19.300000000000000711, -1.6451205756718586262e-16, 19.300000000000000711, -0.22143740209935014462, 19.300000000000000711, -1.6451205756718586262e-16, 19.399999999999998579, -0.12086522087290740846
19.399999999999998579, 0.0036841561388154531187, 19.399999999999998579, 0.021730608767914952328, 19.399999999999998579, 0.018345185020764043227, 19.5, 0.019002233300343968764, 19.399999999999998579, -1.4853880218842702246e-16, 19.399999999999998579, -0.19989386670553432879, 19.399999999999998579, -1.4853880218842702246e-16, 19.5, -0.14177715748664609929
19.5, 0.0029005299925719540965, 19.5, 0.017247592628255033892, 19.5, 0.016295411971988589539, 19.600000000000001421, 0.0166234551049763285, 19.5, -1.7450438002336179606e-16, 19.5, -0.23386779917383804239, 19.5, -1.7450438002336179606e-16, 19.600000000000001421, -0.15014694723286192701
19.600000000000001421, 0.0025321143786900535133, 19.600000000000001421, 0.015142064642582787545, 19.600000000000001421, 0.014461614594938115505, 19.699999999999999289, 0.014747350491050888535, 19.600000000000001421, -1.8504040273805502055e-16, 19.600000000000001421, -0.24714216043842318626, 19.600000000000001421, -1.8504040273805502055e-16, 19.699999999999999289, -0.1552445258318162491
19.699999999999999289, 0.0022420613794329469215, 19.699999999999999289, 0.013476318187727038059, 19.699999999999999289, 0.012863997033238453935, 19.800000000000000711, 0.013107517191648831306, 19.699999999999999289, -1.91528436844563541e-16, 19.699999999999999289, -0.2550698421053581022, 19.699999999999999289, -1.91528436844563541e-16, 19.800000000000000711, -0.15984080266345046528
19.800000000000000711, 0.0019888499415641192059, 19.800000000000000711, 0.012017177576498606212, 19.800000000000000711, 0.011452812074202341902, 19.899999999999998579, 0.01165394510376034122, 19.800000000000000711, -1.9740893653658013223e-16, 19.800000000000000711, -0.26215330485318211196, 19.800000000000000711, -1.9740893653658013223e-16, 19.899999999999998579, -0.16445856244677792279
19.899999999999998579, 0.0017646438036207356959, 19.899999999999998579, 0.010721278826314552257, 19.899999999999998579, 0.010199753074001014289, 20, 0.010363101260427397959, 19.899999999999998579, -2.0333780915408134427e-16, 19.899999999999998579, -0.26922781227536507487, 19.899999999999998579, -2.0333780915408134427e-16, 20, -0.16918346457480537559
20, 0.0015657588094644125931, 20, 0.0095681916272940398249, 20, 0.0090858652395194496737, 20.100000000000001421, 0.0092164347290222617404, 20, -2.0942518403122922088e-16, 20, -0.2764253743866227353, 20, -2.0942518403122922088e-16, 20.100000000000001421, -0.17403012332511469396
20.100000000000001421, 0.00138929442910207257, 20.100000000000001421, 0.0085417778813400256632, 20.100000000000001421, 0.0080707297224918428391, 20.199999999999999289, 0.0081977422470717042913, 20.100000000000001421, -2.1569201746966405013e-16, 20.100000000000001421, -0.28376487071963873987, 20.100000000000001421, -2.1569201746966405013e-16, 20.199999999999999289, -0.17900250316002397355
20.199999999999999289, 0.0012327185481559865821, 20.199999999999999289, 0.0076279289384844038702, 20.199999999999999289, 0.00716361661474234062, 20.300000000000000711, 0.0072926714479173522163, 20.199999999999999289, -2.22145994153491607e-16, 20.199999999999999289, -0.29124819842535343284, 20.199999999999999289, -2.22145994153491607e-16, 20.300000000000000711, -0.18410300335835971808
20.300000000000000711, 0.0010937891052460457786, 20.300000000000000711, 0.0068141396063012213413, 20.300000000000000711, 0.0063779443691540285005, 20.399999999999998579, 0.0064884864393868141655, 20.300000000000000711, -2.2879303543202082061e-16, 20.300000000000000711, -0.29887457046876542144, 20.300000000000000711, -2.2879303543202082061e-16, 20.399999999999998579, -0.18933375037088362447
20.399999999999998579, 0.00097051725043062475606, 20.399999999999998579, 0.0060893060244669510936, 20.399999999999998579, 0.0056845684264181456716, 20.5, 0.0057738829497446381156, 20.399999999999998579, -2.3563896207525787131e-16, 20.399999999999998579, -0.30664252635457311946, 20.399999999999998579, -2.3563896207525787131e-16, 20.5, -0.19469676805077962278
20.5, 0.00086113833990619781389, 20.5, 0.0054435658978471994016, 20.5, 0.0050686408416094341778, 20.600000000000001421, 0.0051388268938039752612, 20.5, -2.4268973103538097796e-16, 20.5, -0.31455019333167499873, 20.5, -2.4268973103538097796e-16, 20.600000000000001421, -0.20019399085148603668
20.600000000000001421, 0.00076408661486304652044, 20.600000000000001421, 0.0048681588913578868402, 20.600000000000001421, 0.0045207651073489781707, 20.699999999999999289, 0.0045744114111411259341, 20.600000000000001421, -2.4995147237880530728e-16, 20.600000000000001421, -0.32259530680563508476, 20.600000000000001421, -2.4995147237880530728e-16, 20.699999999999999289, -0.20582725493779829851
20.699999999999999289, 0.00067797278087233792121, 20.699999999999999289, 0.0043553029689281513859, 20.699999999999999289, 0.0040332522054421513294, 20.800000000000000711, 0.0040727300358566961846, 20.699999999999999289, -2.5743049890812434144e-16, 20.699999999999999289, -0.33077519905723362648, 20.699999999999999289, -2.5743049890812434144e-16, 20.800000000000000711, -0.21159828566870630961
20.800000000000000711, 0.00060156411938638854053, 20.800000000000000711, 0.0038980846636127788885, 20.800000000000000711, 0.0035859320840260404742, 20.899999999999998579, 0.0036267641514246317172, 20.800000000000000711, -2.6513331222520950003e-16, 20.800000000000000711, -0.33908678482934218046, 20.800000000000000711, -2.6513331222520950003e-16, 20.899999999999998579, -0.21750868394425082464
20.899999999999998579, 0.00053376684129879947704, 20.899999999999998579, 0.0034903616862804920547, 20.899999999999998579, 0.0031826089636532274921, 21, 0.0032302831181386087306, 20.899999999999998579, -2.7306660846286245704e-16, 20.899999999999998579, -0.34752654783247161063, 20.899999999999998579, -2.7306660846286245704e-16, 21, -0.22355991175429934525
21, 0.00047361042935989416947, 21, 0.0031266764813860196959, 21, 0.0028292053647538885526, 21.100000000000001421, 0.0028777556452543318066, 21, -2.8123728411040757837e-16, 21, -0.35609052894301407299, 21, -2.8123728411040757837e-16, 21.100000000000001421, -0.22975327699152464644
21.100000000000001421, 0.00042023374523036949313, 21.100000000000001421, 0.0028021794974879728202, 21.100000000000001421, 0.0025167608806432326465, 21.199999999999999289, 0.0025642711411483047612, 21.100000000000001421, -2.896524420126344724e-16, 21.100000000000001421, -0.36477431644035140934, 21.100000000000001421, -2.896524420126344724e-16, 21.199999999999999289, -0.23608991755929414902
21.199999999999999289, 0.00037287270229402480481, 21.199999999999999289, 0.0025125610792350113083, 21.199999999999999289, 0.0022393967782764071309, 21.300000000000000711, 0.002285469917566028842, 21.199999999999999289, -2.9831939754994100302e-16, 21.199999999999999289, -0.37357303857448642681, 21.199999999999999289, -2.9831939754994100302e-16, 21.300000000000000711, -0.24257078481160981864
21.300000000000000711, 0.00033084932777072140198, 21.300000000000000711, 0.0022539910106918218877, 21.300000000000000711, 0.0019929545757601100676, 21.399999999999998579, 0.0020374812506669210885, 21.300000000000000711, -3.0724568498787372972e-16, 21.300000000000000711, -0.38248135874451039129, 21.300000000000000711, -3.0724568498787372972e-16, 21.399999999999998579, -0.24919662637568185115
21.399999999999998579, 0.00029356205754105246797, 21.399999999999998579, 0.0020230648491287258652, 21.399999999999998579, 0.0017739384186918967685, 21.5, 0.0018168684139397337472, 21.399999999999998579, -3.1643906403339201023e-16, 21.399999999999998579, -0.39149347356154051703, 21.399999999999998579, -3.1643906403339201023e-16, 21.5, -0.25596796841824626112
21.5, 0.0002604771247636250564, 21.5, 0.0018167562853358004433, 21.5, 0.0015792738017650603376, 21.600000000000001421, 0.0016205798977597142552, 21.5, -3.2590752657914063249e-16, 21.5, -0.40060311405370963023, 21.5, -3.2590752657914063249e-16, 21.600000000000001421, -0.26288509743408933206
21.600000000000001421, 0.00023112091900934217392, 21.600000000000001421, 0.0016323748525412136445, 21.600000000000001421, 0.0014023982655942889789, 21.699999999999999289, 0.0014459061188275706706, 21.600000000000001421, -3.3565930364876700096e-16, 21.600000000000001421, -0.40980355025053993856, 21.600000000000001421, -3.3565930364876700096e-16, 21.699999999999999289, -0.26994804164794966583
21.699999999999999289, 0.00020507320653262439691, 21.699999999999999289, 0.0014675283823438788414, 21.699999999999999289, 0.0012449835611472561195, 21.800000000000000711, 0.0012904410012254208338, 21.699999999999999289, -3.4570287255703321586e-16, 21.699999999999999289, -0.41908759935818895581, 21.699999999999999289, -3.4570287255703321586e-16, 21.800000000000000711, -0.27715655214108070314
21.800000000000000711, 0.00018196111463186781521, 21.800000000000000711, 0.0013200896737992670171, 21.800000000000000711, 0.0011093633098610490746, 21.899999999999998579, 0.0011520478804790531754, 21.800000000000000711, -3.5604696426957642306e-16, 21.800000000000000711, -0.4284476377012927939, 21.800000000000000711, -3.5604696426957642306e-16, 21.899999999999998579, -0.28451008383023501658
21.899999999999998579, 0.00016145379397869419336, 21.899999999999998579, 0.0011881669019050563295, 21.899999999999998579, 0.00098976337316237280456, 22, 0.0010288292438203842233, 21.899999999999998579, -3.6670057100757921635e-16, 21.899999999999998579, -0.43787561657185902764, 21.899999999999998579, -3.6670057100757921635e-16, 22, -0.2920077764424936495
22, 0.00014325768251577386536, 22, 0.0010700773450540159663, 22, 0.00088348066113807372218, 22.100000000000001421, 0.00091909987468244815165, 22, -3.7767295405105746626e-16, 22, -0.44736308206895125661, 22, -3.7767295405105746626e-16, 22.100000000000001421, -0.29964843565286541915
22.100000000000001421, 0.00012711230311790444603, 22.100000000000001421, 0.00096432405835843474848, 22.100000000000001421, 0.00078888286668303423191, 22.199999999999999289, 0.00082136301812166202449, 22.100000000000001421, -3.8897365180171987159e-16, 22.100000000000001421, -0.45690119897035719188, 22.100000000000001421, -3.8897365180171987159e-16, 22.199999999999999289, -0.30743051456825898349
22.199999999999999289, 0.00011278653486623824165, 22.199999999999999289, 0.00086957516173984377578, 22.199999999999999289, 0.00070179507228317603885, 22.300000000000000711, 0.0007342892270401846699, 22.199999999999999289, -4.0061248806317407306e-16, 22.199999999999999289, -0.46648077861470482741, 22.199999999999999289, -4.0061248806317407306e-16, 22.300000000000000711, -0.31535209575798589521
22.300000000000000711, 0.0001000753045543589792, 22.300000000000000711, 0.00078464544893952514228, 22.300000000000000711, 0.00062292891021238888227, 22.399999999999998579, 0.00065669758739372418709, 22.300000000000000711, -4.1259958058579106472e-16, 22.300000000000000711, -0.47609231070758806226, 22.300000000000000711, -4.1259958058579106472e-16, 22.399999999999998579, -0.32341087405139723465
22.399999999999998579, 8.8796651067646337196e-5, 22.399999999999998579, 0.00070848005667987405762, 22.399999999999998579, 0.00055343638921761758621, 22.5, 0.0005875390545668999218, 22.399999999999998579, -4.2494534986343750962e-16, 22.399999999999998579, -0.48572599890591672267, 22.399999999999998579, -4.2494534986343750962e-16, 22.5, -0.33160414034328911104
22.5, 7.8789120612654528486e-5, 22.5, 0.00064013996254758673884, 22.5, 0.00049194004806114757355, 22.600000000000001421, 0.00052588166326471633139, 22.5, -4.3766052817955337977e-16, 22.5, -0.49537179996536739868, 22.5, -4.3766052817955337977e-16, 22.600000000000001421, -0.33992876665592880459
22.600000000000001421, 6.9909455506333983976e-5, 22.600000000000001421, 0.00057878910620852907706, 22.600000000000001421, 0.0004373597121377072682, 22.699999999999999289, 0.00047089740003532806582, 22.600000000000001421, -4.5075616896799002764e-16, 22.600000000000001421, -0.50501946616907433807, 22.600000000000001421, -4.5075616896799002764e-16, 22.699999999999999289, -0.34838119271953921219
22.699999999999999289, 6.2030543444890895444e-5, 22.699999999999999289, 0.00052368295166976721981, 22.699999999999999289, 0.00038888502989531414412, 22.800000000000000711, 0.00042185055129160918671, 22.699999999999999289, -4.6424365641353279693e-16, 22.699999999999999289, -0.51465859069023900396, 22.699999999999999289, -4.6424365641353279693e-16, 22.800000000000000711, -0.35695741435728201019
22.800000000000000711, 5.503959789443513273e-5, 22.800000000000000711, 0.00047415832881423812181, 22.800000000000000711, 0.00034582587213414194005, 22.899999999999998579, 0.00037808736077351657104, 22.800000000000000711, -4.7813471529281006146e-16, 22.800000000000000711, -0.52427865548445207189, 22.800000000000000711, -4.7813471529281006146e-16, 22.899999999999998579, -0.36565297393549250904
22.899999999999998579, 4.8836543549590771818e-5, 22.899999999999998579, 0.00042962441062060146386, 22.899999999999998579, 0.00030757407749581599111, 23, 0.00033902684909633640318, 22.899999999999998579, -4.9244142126408522124e-16, 22.899999999999998579, -0.53386908124537235665, 22.899999999999998579, -4.9244142126408522124e-16, 23, -0.37446295318434941191
23, 4.3332583760324894229e-5, 23, 0.00038955469864246632539, 23, 0.0002735904454298689753, 23.100000000000001421, 0.00030415266462310424364, 23, -5.0717621124482051825e-16, 23, -0.5434192789194554063, 23, -5.0717621124482051825e-16, 23.100000000000001421, -0.38338196865774187838
23.100000000000001421, 3.8448929405632270573e-5, 23.100000000000001421, 0.00035347990363045130339, 23.100000000000001421, 0.00024339646107445660813, 23.199999999999999289, 0.00027300584962335376019, 23.100000000000001421, -5.2235189433922087031e-16, 23.100000000000001421, -0.55291870222185746098, 23.100000000000001421, -5.2235189433922087031e-16, 23.199999999999999289, -0.3924041700902133889
23.199999999999999289, 3.4115671029510963308e-5, 23.199999999999999289, 0.00032098162091486110749, 23.199999999999999289, 0.00021607045695137532134, 23.300000000000000711, 0.00024517841875121840949, 23.199999999999999289, -5.3798166294098528968e-16, 23.199999999999999289, -0.56235690057953924281, 23.199999999999999289, -5.3798166294098528968e-16, 23.300000000000000711, -0.4015232419450001089
23.300000000000000711, 3.0270778088592464883e-5, 23.300000000000000711, 0.0002916867114392488608, 23.300000000000000711, 0.00019188156158488379479, 23.399999999999998579, 0.0002203076584622517002, 23.300000000000000711, -5.5407910416181900413e-16, 23.300000000000000711, -0.57172357190039979624, 23.300000000000000711, -5.5407910416181900413e-16, 23.399999999999998579, -0.4107324083361260092
23.399999999999998579, 2.685921098599663992e-5, 23.399999999999998579, 0.00026526230935410504514, 23.399999999999998579, 0.0001704578504503706602, 23.5, 0.00019807106628567605297, 23.399999999999998579, -5.7065821158535563184e-16, 23.399999999999998579, -0.58100861456464991672, 23.399999999999998579, -5.7065821158535563184e-16, 23.5, -0.42002444158145257891
23.5, 2.3832133177137393432e-5, 23.5, 0.00024141138596438363245, 23.5, 0.00015144610528226160051, 23.600000000000001421, 0.00017818185799176730817, 23.5, -5.8773339766304883886e-16, 23.5, -0.59020217803951102731, 23.5, -5.8773339766304883886e-16, 23.600000000000001421, -0.42939167453800342056
23.600000000000001421, 2.1146212078271275914e-5, 23.600000000000001421, 0.00021986880771454451631, 23.600000000000001421, 0.00013456665340348236064, 23.699999999999999289, 0.00016038497879498759386, 23.600000000000001421, -6.053195060284496307e-16, 23.600000000000001421, -0.59929471153556368446, 23.600000000000001421, -6.053195060284496307e-16, 23.699999999999999289, -0.43882601683381128321
23.699999999999999289, 1.8762998760912807938e-5, 23.699999999999999289, 0.00020039783288691891063, 23.699999999999999289, 0.00011957857582220905994, 23.800000000000000711, 0.00014445356192800982769, 23.699999999999999289, -6.2343182434666147585e-16, 23.699999999999999289, -0.60827701015567081644, 23.699999999999999289, -6.2343182434666147585e-16, 23.800000000000000711, -0.44831897511978247017
23.800000000000000711, 1.6648377552996862505e-5, 23.800000000000000711, 0.00018278699790969728006, 23.800000000000000711, 0.00010626919203771362059, 23.899999999999998579, 0.00013018578429436364016, 23.800000000000000711, -6.4208609795243979229e-16, 23.800000000000000711, -0.61714025802663763365, 23.800000000000000711, -6.4208609795243979229e-16, 23.899999999999998579, -0.45786167734991056744
23.899999999999998579, 1.4772077676639128185e-5, 23.899999999999998579, 0.00016684734967732436505, 23.899999999999998579, 9.4449906469666150511e-5, 24, 0.00011740207456892290719, 23.899999999999998579, -6.6129854317502964088e-16, 23.899999999999998579, -0.62587606795477268573, 23.899999999999998579, -6.6129854317502964088e-16, 24, -0.4674449010522262471
24, 1.3107239920984170567e-5, 24, 0.00015240998518194269571, 24, 8.3823115774540277742e-5, 24.100000000000001421, 0.0001059426341436235815, 24, -6.8108586156840905644e-16, 24, -0.63447651720308539947, 24, -6.8108586156840905644e-16, 24.100000000000001421, -0.4770591055390786539
24.100000000000001421, 1.1630032153320257748e-5, 24.100000000000001421, 0.00013932386409139759019, 24.100000000000001421, 7.4500525010465625062e-5, 24.199999999999999289, 9.5665235762072190991e-5, 24.100000000000001421, -7.0146525433563475995e-16, 24.100000000000001421, -0.64293417906995387057, 24.100000000000001421, -7.0146525433563475995e-16, 24.199999999999999289, -0.4866944678377635447
24.199999999999999289, 1.0319308160866569324e-5, 24.199999999999999289, 0.00012745386377631637048, 24.199999999999999289, 6.6256631380138340912e-5, 24.300000000000000711, 8.6443268656888984152e-5, 24.199999999999999289, -7.2245443763779519064e-16, 24.199999999999999289, -0.65124214998272700328, 24.199999999999999289, -7.2245443763779519064e-16, 24.300000000000000711, -0.4963409221964290019
24.300000000000000711, 9.1563049453569078651e-6, 24.300000000000000711, 0.00011667904968886444483, 24.300000000000000711, 5.8938919849832144911e-5, 24.399999999999998579, 7.8164002500359788328e-5, 24.300000000000000711, -7.4407165745297518965e-16, 24.300000000000000711, -0.65939407196561439228, 24.300000000000000711, -7.4407165745297518965e-16, 24.399999999999998579, -0.50598820282942780224
24.399999999999998579, 8.1243741290037974068e-6, 24.399999999999998579, 0.0001068911370598064198, 24.399999999999998579, 5.2437931714677482684e-5, 24.5, 7.0727045595919999866e-5, 24.399999999999998579, -7.6633570590577968448e-16, 24.399999999999998579, -0.66738415031000952737, 24.399999999999998579, -7.6633570590577968448e-16, 24.5, -0.51562588952973853473
24.5, 7.2087436340240174104e-6, 24.5, 9.7993122546709252626e-5, 24.5, 4.6661329513378577746e-5, 24.600000000000001421, 6.404297551338747048e-5, 24.5, -7.8926593740880871076e-16, 24.5, -0.67520716648169454288, 24.5, -7.8926593740880871076e-16, 24.600000000000001421, -0.5252434558163920908
24.600000000000001421, 6.3963062206795484599e-6, 24.600000000000001421, 8.9898066885149747769e-5, 24.600000000000001421, 4.1426444062905105805e-5, 24.699999999999999289, 5.8032122804588691844e-5, 24.600000000000001421, -8.1288228537847444913e-16, 24.600000000000001421, -0.68285848623015499292, 24.600000000000001421, -8.1288228537847444913e-16, 24.699999999999999289, -0.5348303190590599776
24.699999999999999289, 5.675431856921875351e-6, 24.699999999999999289, 8.2528011698043731294e-5, 24.699999999999999289, 3.6784117089484083085e-5, 24.800000000000000711, 5.2623490626963617613e-5, 24.699999999999999289, -8.3720527967709922599e-16, 24.699999999999999289, -0.69033406306531230889, 24.699999999999999289, -8.3720527967709922599e-16, 24.800000000000000711, -0.54437589211151793389
24.800000000000000711, 5.035801234676284821e-6, 24.800000000000000711, 7.5813015516891917056e-5, 24.800000000000000711, 3.2671105494863332693e-5, 24.899999999999998579, 4.7753795030570472509e-5, 24.800000000000000711, -8.6225606443457867213e-16, 24.800000000000000711, -0.69763043725399787043, 24.800000000000000711, -8.6225606443457867213e-16, 24.899999999999998579, -0.55386963590592097617
24.899999999999998579, 4.468258048895279444e-6, 24.899999999999998579, 6.9690295740288614023e-5, 24.899999999999998579, 2.9021263280102572372e-5, 25, 4.336661237554443601e-5, 24.899999999999998579, -8.8805641656157494467e-16, 24.899999999999998579, -0.7047447305030491993, 24.899999999999998579, -8.8805641656157494467e-16, 25, -0.56330111241167946101
25, 3.9646779255164688038e-6, 25, 6.4103464733608603635e-5, 25, 2.5781096187214056441e-5, 25.100000000000001421, 3.9411621866430812872e-5, 25, -9.1462876444795223897e-16, 25, -0.71167463672734110336, 25, -9.1462876444795223897e-16, 25.100000000000001421, -0.57266003734303039252
25.100000000000001421, 3.5178521207157587014e-6, 25.100000000000001421, 5.9001849606648725975e-5, 25.100000000000001421, 2.2904327470603127418e-5, 25.199999999999999289, 3.5843932545637752056e-5, 25.100000000000001421, -9.4199620781420153888e-16, 25.100000000000001421, -0.71841840905452369892, 25.100000000000001421, -9.4199620781420153888e-16, 25.199999999999999289, -0.58193633203895878125
25.199999999999999289, 3.1213843278976582951e-6, 25.199999999999999289, 5.4339886364583180165e-5, 25.199999999999999289, 2.0350078021304748887e-5, 25.300000000000000711, 3.2623485283424531593e-5, 25.199999999999999289, -9.7018253790810679223e-16, 25.199999999999999289, -0.72497484352780527939, 25.199999999999999289, -9.7018253790810679223e-16, 25.300000000000000711, -0.59112017391297477786
25.300000000000000711, 2.7695991153819932151e-6, 25.300000000000000711, 5.0076580175585348764e-5, 25.300000000000000711, 1.8082095661809766346e-5, 25.399999999999998579, 2.9714521362522788785e-5, 25.300000000000000711, -9.9921225733060977886e-16, 25.300000000000000711, -0.73134325988073756175, 25.300000000000000711, -9.9921225733060977886e-16, 25.399999999999998579, -0.60020204487993189524
25.399999999999998579, 2.4574606829474987535e-6, 25.399999999999998579, 4.6175024421274292582e-5, 25.399999999999998579, 1.6047168131231123083e-5, 25.5, 2.7085110198879737761e-5, 25.399999999999998579, -1.0291106003059511853e-15, 25.399999999999998579, -0.73752347959300301738, 25.399999999999998579, -1.0291106003059511853e-15, 25.5, -0.60917277722178453381
25.5, 2.1805007710540280641e-6, 25.5, 4.2601972011953647215e-5, 25.5, 1.4267114940668552665e-5, 25.600000000000001421, 2.4706729584542862438e-5, 25.5, -1.059903560100214006e-15, 25.5, -0.74351580188467203403, 25.5, -1.059903560100214006e-15, 25.600000000000001421, -0.61802359639208992448
25.600000000000001421, 1.9347547031145495566e-6, 25.600000000000001421, 3.9327453182386112949e-5, 25.600000000000001421, 1.2693772769979647943e-5, 25.699999999999999289, 2.2553892570142480373e-5, 25.600000000000001421, -1.0916179028114913521e-15, 25.600000000000001421, -0.74932097780856810054, 25.600000000000001421, -1.0916179028114913521e-15, 25.699999999999999289, -0.62674616030058127869
25.699999999999999289, 1.7167046255650575404e-6, 25.699999999999999289, 3.6324434626510027242e-5, 25.699999999999999289, 1.1297017217157714666e-5, 25.800000000000000711, 2.060381577557336691e-5, 25.699999999999999289, -1.1242812012121742966e-15, 25.699999999999999289, -0.75494018292461495534, 25.699999999999999289, -1.1242812012121742966e-15, 25.800000000000000711, -0.63533259467558034217
25.800000000000000711, 1.5232291552536025847e-6, 25.800000000000000711, 3.3568515404702601234e-5, 25.800000000000000711, 1.0055854426389696353e-5, 25.899999999999998579, 1.8836124490893644813e-5, 25.800000000000000711, -1.1579218470691641607e-15, 25.800000000000000711, -0.76037498885739185361, 25.800000000000000711, -1.1579218470691641607e-15, 25.899999999999998579, -0.64377552422568551371
25.899999999999998579, 1.3515586925194611467e-6, 25.899999999999998579, 3.103765556806675882e-5, 25.899999999999998579, 8.9290079573861965605e-6, 26, 1.7232590464913966451e-5, 25.899999999999998579, -1.1925690859694340627e-15, 25.899999999999998579, -0.76562733420988715594, 25.899999999999998579, -1.1925690859694340627e-15, 26, -0.65206809923255804051
26, 1.1992357773493722561e-6, 26, 2.8711933895415878083e-5, 26, 7.9271928126562581156e-6, 26.100000000000001421, 1.5776898718155914512e-5, 26, -1.2282530344954694496e-15, 26, -0.77069949503728496509, 26, -1.2282530344954694496e-15, 26.100000000000001421, -0.66020401756227009571
26.100000000000001421, 1.0640799077421547736e-6, 26.100000000000001421, 2.6573331541295923804e-5, 26.100000000000001421, 7.0652634076371168632e-6, 26.199999999999999289, 1.4454440148585236657e-5, 26.100000000000001421, -1.2650047180515504275e-15, 26.100000000000001421, -0.77559405523397351168, 26.100000000000001421, -1.2650047180515504275e-15, 26.199999999999999289, -0.66817754189222577921
26.199999999999999289, 9.4415633000721754797e-7, 26.199999999999999289, 2.4605538748661580687e-5, 26.199999999999999289, 6.3052900143241222332e-6, 26.300000000000000711, 1.3252127049259772198e-5, 26.199999999999999289, -1.30285608097478196e-15, 26.199999999999999289, -0.78031387702143817364, 26.199999999999999289, -1.30285608097478196e-15, 26.300000000000000711, -0.67598351207359241855
26.300000000000000711, 8.3774833914418422864e-7, 26.300000000000000711, 2.2793782102377358118e-5, 26.300000000000000711, 5.6298631749167764901e-6, 26.399999999999998579, 1.2158228978772132146e-5, 26.300000000000000711, -1.3418400295456750095e-15, 26.300000000000000711, -0.7848620720483814317, 26.300000000000000711, -1.3418400295456750095e-15, 26.399999999999998579, -0.68361735282834024119
26.399999999999998579, 7.4333270649873384173e-7, 26.399999999999998579, 2.1124670070751875157e-5, 26.399999999999998579, 5.0285929333772355502e-6, 26.5, 1.1162226719736881056e-5, 26.399999999999998579, -1.3819904492050073947e-15, 26.399999999999998579, -0.78924197292297026962, 26.399999999999998579, -1.3819904492050073947e-15, 26.5, -0.69107507670017498391
26.5, 6.5955787231786189295e-7, 26.5, 1.9586054843821502702e-5, 26.5, 4.4744279982575751111e-6, 26.600000000000001421, 1.0254682305230707127e-5, 26.5, -1.4233422509788883861e-15, 26.5, -0.79345710571814387357, 26.5, -1.4233422509788883861e-15, 26.600000000000001421, -0.698353282716076329
26.600000000000001421, 5.8522460122389929893e-7, 26.600000000000001421, 1.8166908691715740246e-5, 26.600000000000001421, 3.9718399597667922778e-6, 26.699999999999999289, 9.4271233296248800788e-6, 26.600000000000001421, -1.4659313806740188175e-15, 26.600000000000001421, -0.79751116346681949487, 26.600000000000001421, -1.4659313806740188175e-15, 26.699999999999999289, -0.70544915051230105973
26.699999999999999289, 5.1926881372565958372e-7, 26.699999999999999289, 1.6857213262618029307e-5, 26.699999999999999289, 3.5281563391760181747e-6, 26.800000000000000711, 8.6719399474702897341e-6, 26.699999999999999289, -1.5097948576299198086e-15, 26.699999999999999289, -0.80140798068105212337, 26.699999999999999289, -1.5097948576299198086e-15, 26.800000000000000711, -0.71236043080075805989
26.800000000000000711, 4.6074635395854102171e-7, 26.800000000000000711, 1.5647860421235712362e-5, 26.800000000000000711, 3.1353965480254315847e-6, 26.899999999999998579, 7.9822931548374709482e-6, 26.800000000000000711, -1.5549708054344256562e-15, 26.800000000000000711, -0.80515150918422628834, 26.800000000000000711, -1.5549708054344256562e-15, 26.899999999999998579, -0.71908543196730367875
26.899999999999998579, 4.0881947249715722137e-7, 26.899999999999998579, 1.4530563378505239252e-5, 26.899999999999998579, 2.7868260410361959011e-6, 27, 7.3520330958298072232e-6, 26.899999999999998579, -1.6014985094176084117e-15, 26.899999999999998579, -0.80874579524120648877, 26.899999999999998579, -1.6014985094176084117e-15, 27, -0.72562300363811260695
27, 3.6274483683484959329e-7, 27, 1.3497777002632847934e-5, 27, 2.4772876126150263246e-6, 27.100000000000001421, 6.7756262842711954163e-6, 27, -1.6494184156723337031e-15, 27, -0.81219495804358166069, 27, -1.6494184156723337031e-15, 27.100000000000001421, -0.73197251694202325467
27.100000000000001421, 3.2186288922986250327e-7, 27.100000000000001421, 1.2542626325947307757e-5, 27.100000000000001421, 2.2023700389144447254e-6, 27.199999999999999289, 6.2480907484343646893e-6, 27.100000000000001421, -1.6987721805880320981e-15, 27.100000000000001421, -0.8155031696273709052, 27.100000000000001421, -1.6987721805880320981e-15, 27.199999999999999289, -0.73813384261689396482
27.199999999999999289, 2.8558840536874186e-7, 27.199999999999999289, 1.1658842367228361913e-5, 27.199999999999999289, 1.9581834278570189027e-6, 27.300000000000000711, 5.764938223470976488e-6, 27.199999999999999289, -1.7496027017861193159e-15, 27.199999999999999289, -0.81867463617462199466, 27.199999999999999289, -1.7496027017861193159e-15, 27.300000000000000711, -0.74410732634822851495
27.300000000000000711, 2.5340211617930208376e-7, 27.300000000000000711, 1.0840704487674291694e-5, 27.300000000000000711, 1.7412787586641371265e-6, 27.399999999999998579, 5.3221226086119873376e-6, 27.300000000000000711, -1.801954172476366183e-15, 27.300000000000000711, -0.82171358073936051625, 27.300000000000000711, -1.801954172476366183e-15, 27.399999999999998579, -0.74989376308540522942
27.399999999999998579, 2.2484327555361005579e-7, 27.399999999999998579, 1.0082988589175323821e-5, 27.399999999999998579, 1.5485952782913072371e-6, 27.5, 4.9159939988508815077e-6, 27.399999999999998579, -1.8558720949310373241e-15, 27.399999999999998579, -5.4585610797514299009, 27.399999999999998579, -1.8558720949310373241e-15, 27.5, -5.5276909377509904076
27.5, 1.9950306384686200545e-7, 27.5, 9.3809205284541013228e-6, 27.5, 1.3745744303749708271e-6, 27.600000000000001421, 4.5432576741020494371e-6, 27.5, -1.911403344747224163e-15, 27.5, -5.4557745202513761029, 27.5, -1.911403344747224163e-15, 27.600000000000001421, -5.522274551975645096
27.600000000000001421, 1.7701873655795452578e-7, 27.600000000000001421, 8.7301342029657647768e-6, 27.600000000000001421, 1.2209664269138968937e-6, 27.699999999999999289, 4.2009374994928110305e-6, 27.600000000000001421, -1.9685961799077217903e-15, 27.600000000000001421, -5.5277250737034293593, 27.600000000000001421, -1.9685961799077217903e-15, 27.699999999999999289, -5.5985706085890818429
27.699999999999999289, 1.570684302620861672e-7, 27.699999999999999289, 8.0729065753628232355e-6, 27.699999999999999289, 1.0849876414001139547e-6, 27.800000000000000711, 3.8596961216610087191e-6, 27.699999999999999289, -2.0275003396739525946e-15, 27.699999999999999289, -5.6050489722040106599, 27.699999999999999289, -2.0275003396739525946e-15, 27.800000000000000711, -5.6811443630907794144
27.800000000000000711, 1.3936655651747287266e-7, 27.800000000000000711, 7.4133115979486178835e-6, 27.800000000000000711, 9.6431028491819245811e-7, 27.899999999999998579, 3.5215083077408254303e-6, 27.800000000000000711, -2.0881670357417303216e-15, 27.800000000000000711, -5.6881834995732942772, 27.800000000000000711, -2.0881670357417303216e-15, 27.899999999999998579, -5.7706134030133711121
27.899999999999998579, 1.2365971358008209791e-7, 27.899999999999998579, 6.7599173952589286128e-6, 27.899999999999998579, 8.571493212180898025e-7, 28, 3.1907607123958420088e-6, 27.899999999999998579, -2.150648984911663095e-15, 27.899999999999998579, -5.7782751410994235286, 27.899999999999998579, -2.150648984911663095e-15, 28, -5.8683346158252343017
28, 1.0972305819478833655e-7, 28, 6.1216035764899334108e-6, 28, 7.6197714224889476193e-7, 28.100000000000001421, 2.8719899603891487381e-6, 28, -2.2150004961627918312e-15, 28, -0.406444041525788613, 28, -2.2150004961627918312e-15, 28.100000000000001421, -0.30721182765089283251
28.100000000000001421, 9.735708683678012676e-8, 28.100000000000001421, 5.5071715651563957986e-6, 28.100000000000001421, 6.7627246135206737875e-7, 28.199999999999999289, 2.5696650910750969227e-6, 28.100000000000001421, -2.2812775480469865991e-15, 28.100000000000001421, -0.29791117033912151157, 28.100000000000001421, -2.2812775480469865991e-15, 28.199999999999999289, -0.18769039276355536927
28.199999999999999289, 8.6384781106119135075e-8, 28.199999999999999289, 4.9252545474601494422e-6, 28.199999999999999289, 6.0092229387827662108e-7, 28.300000000000000711, 2.2881375521725982235e-6, 28.199999999999999289, -2.3495377287294451723e-15, 28.199999999999999289, -0.29375699317323755722, 28.199999999999999289, -2.3495377287294451723e-15, 28.300000000000000711, -0.18039151732912950266
28.300000000000000711, 7.6649072866530332249e-8, 28.300000000000000711, 4.4010183543974746204e-6, 28.300000000000000711, 5.3426624758021944536e-7, 28.399999999999998579, 2.0358627954506550862e-6, 28.300000000000000711, -2.4198403350595276716e-15, 28.300000000000000711, -0.30020640583102231602, 28.300000000000000711, -2.4198403350595276716e-15, 28.399999999999998579, -0.18427013594254404438
28.399999999999998579, 6.8010594489464892831e-8, 28.399999999999998579, 4.4010183543974746204e-6, 28.399999999999998579, 4.7510369798186272851e-7, 28.5, 1.8114080506134389548e-6, 28.399999999999998579, -2.492246623148154582e-15, 28.399999999999998579, -0.27083070651369833826, 28.399999999999998579, -2.492246623148154582e-15, 28.5, -0.18937821330517001783
28.5, 6.0345687558083227486e-8, 28.5, 3.5163395994020495628e-6, 28.5, 4.2255305692296384263e-7, 28.600000000000001421, 1.6119172605609394272e-6, 28.5, -2.5668193538796718553e-15, 28.5, -0.31578478367924533998, 28.5, -2.5668193538796718553e-15, 28.600000000000001421, -0.19472932777437712559
28.600000000000001421, 5.3544628286772422143e-8, 28.600000000000001421, 3.1010130772798384477e-6, 28.600000000000001421, 3.7586685095506808065e-7, 28.699999999999999289, 1.4346282493006868266e-6, 28.600000000000001421, -2.6436234579669314245e-15, 28.600000000000001421, -0.33279163955708535028, 28.600000000000001421, -2.6436234579669314245e-15, 28.699999999999999289, -0.20022599852631994821
28.699999999999999289, 4.7510059886235467275e-8, 28.699999999999999289, 2.7710538720058419776e-6, 28.699999999999999289, 3.3365122458977969035e-7, 28.800000000000000711, 1.2770593453436203372e-6, 28.699999999999999289, -2.7227256411139614942e-15, 28.699999999999999289, -0.34267958096681949698, 28.699999999999999289, -2.7227256411139614942e-15, 28.800000000000000711, -0.20585990414457988607
28.800000000000000711, 4.2155597235193909e-8, 28.800000000000000711, 2.4811714538964223321e-6, 28.800000000000000711, 2.9632547028905331432e-7, 28.899999999999998579, 1.1370038883382437599e-6, 28.800000000000000711, -2.8041947427163907091e-15, 28.800000000000000711, -0.35140816988009104804, 28.800000000000000711, -2.8041947427163907091e-15, 28.899999999999998579, -0.21163171256110357987
28.899999999999998579, 3.7404591424206046213e-8, 28.899999999999998579, 2.2230475876431945473e-6, 28.899999999999998579, 2.6327363980153856243e-7, 29, 1.0125025600986029095e-6, 28.899999999999998579, -2.8881015516979192148e-15, 28.899999999999998579, -0.36006083217358986204, 28.899999999999998579, -2.8881015516979192148e-15, 29, -0.21754291097466804672
29, 3.3189031967140181223e-8, 29, 1.9927592602312770793e-6, 29, 2.3394222437929810787e-7, 29.100000000000001421, 9.018159607307451379e-7, 29, -2.9745189697604145147e-15, 29, -0.36880261959617310907, 29, -2.9745189697604145147e-15, 29.100000000000001421, -0.22359494841654825592
29.100000000000001421, 2.9448572469448208722e-8, 29.100000000000001421, 1.7872000607692175343e-6, 29.100000000000001421, 2.0789875221726233767e-7, 29.199999999999999289, 8.0339992018376002118e-7, 29.100000000000001421, -3.0635224123953004979e-15, 29.100000000000001421, -0.37765300611415986154, 29.100000000000001421, -3.0635224123953004979e-15, 29.199999999999999289, -0.22978913065440353947
29.199999999999999289, 2.6129669095098506659e-8, 29.199999999999999289, 1.603650958773031038e-6, 29.199999999999999289, 1.8477168377186422263e-7, 29.300000000000000711, 7.1588354730098916527e-7, 29.199999999999999289, -3.1551889760429846429e-15, 29.199999999999999289, -0.38660984978394408174, 29.199999999999999289, -3.1551889760429846429e-15, 29.300000000000000711, -0.2361265936450358538
29.300000000000000711, 2.3184812292242895637e-8, 29.300000000000000711, 1.4396997135114027846e-6, 29.300000000000000711, 1.6423316447184891306e-7, 29.399999999999998579, 6.3804974764731476231e-7, 29.300000000000000711, -3.2495980225674883822e-15, 29.300000000000000711, -0.39566759449412991501, 29.300000000000000711, -3.2495980225674883822e-15, 29.399999999999998579, -0.24260828862790972948
29.399999999999998579, 2.0571845560368728911e-8, 29.399999999999998579, 1.2932024265614166917e-6, 29.399999999999998579, 1.4599247948244925921e-7, 29.5, 5.6881792963199921976e-7, 29.399999999999998579, -3.3468320619693064647e-15, 29.399999999999998579, -0.40481981985671167124, 29.399999999999998579, -3.3468320619693064647e-15, 29.5, -0.24923496122737942571
29.5, 1.8253364153508755408e-8, 29.5, 1.1622530757563453703e-6, 29.5, 1.2957069759858905377e-7, 29.600000000000001421, 5.0722866140510164293e-7, 29.5, -3.4469758049332322133e-15, 29.5, -0.41405959482772303204, 29.5, -3.4469758049332322133e-15, 29.600000000000001421, -0.25600713673644870383
29.600000000000001421, 1.6196179508654040546e-8, 29.600000000000001421, 1.045156877787858296e-6, 29.600000000000001421, 1.1513825720543286039e-7, 29.699999999999999289, 4.5243005198233773394e-7, 29.600000000000001421, -3.5501160172356224548e-15, 29.600000000000001421, -0.4233795332094336672, 29.600000000000001421, -3.5501160172356224548e-15, 29.699999999999999289, -0.26292510061518425957
29.699999999999999289, 1.4370843182121006976e-8, 29.699999999999999289, 9.4040668437027603569e-7, 29.699999999999999289, 1.0237187626897846093e-7, 29.800000000000000711, 4.0366566515664054435e-7, 29.699999999999999289, -3.6563422020221243989e-15, 29.699999999999999289, -0.4327718141860512624, 29.699999999999999289, -3.6563422020221243989e-15, 29.800000000000000711, -0.2699888786045003819
29.800000000000000711, 1.2751224964802077011e-8, 29.800000000000000711, 8.4666203198707342855e-7, 29.800000000000000711, 9.104054780174099602e-8, 29.899999999999998579, 3.6026379559022862481e-7, 29.800000000000000711, -3.7657472804650964169e-15, 29.800000000000000711, -0.4422282001254507211, 29.800000000000000711, -3.7657472804650964169e-15, 29.899999999999998579, -0.2771982205061740423
29.899999999999998579, 1.1314140735407818283e-8, 29.899999999999998579, 7.6273054121906268339e-7, 29.899999999999998579, 8.0975311482153717764e-8, 30, 3.2162794955570086207e-7, 29.899999999999998579, -3.8784255615223936748e-15, 29.899999999999998579, -0.4517400585738144958, 29.899999999999998579, -3.8784255615223936748e-15, 30, -0.28455257994174543157
30, 1.0039018505381136492e-8, 30, 6.8755140159590799299e-7, 30, 7.2033033745028085894e-8, 30.100000000000001421, 2.8722839722705180744e-7, 30, -3.9944750207177382764e-15, 30, -0.46129838817234181114, 30, -3.9944750207177382764e-15, 30.100000000000001421, -0.29205109515296179268
30.100000000000001421, 8.907604431840354664e-9, 30.100000000000001421, 6.2018070748226171154e-7, 30.100000000000001421, 6.3944026899089827049e-8, 30.199999999999999289, 2.5659467448123542722e-7, 30.100000000000001421, -4.1139972997946507172e-15, 30.100000000000001421, -0.47089384851012017208, 30.100000000000001421, -4.1139972997946507172e-15, 30.199999999999999289, -0.29969256799631738275
30.199999999999999289, 7.9037025813022410148e-9, 30.199999999999999289, 5.5977843698845467147e-7, 30.199999999999999289, 5.6788327196071325963e-8, 30.300000000000000711, 2.293089316810023598e-7, 30.199999999999999289, -4.2370959664189376185e-15, 30.199999999999999289, -0.48051679283813242272, 30.199999999999999289, -4.2370959664189376185e-15, 30.300000000000000711, -0.30747545119476615838
30.300000000000000711, 7.0129422269360475184e-9, 30.300000000000000711, 5.0559688909254630893e-7, 30.300000000000000711, 5.045139314349147991e-8, , , 30.300000000000000711, -4.3638777546476093585e-15, 30.300000000000000711, -0.49015730761938036686, 30.300000000000000711, -4.3638777546476093585e-15, , 
