# /clock/clock, /robot_0/cmd_vel/linear/x, /clock/clock, /robot_1/cmd_vel/linear/x, /clock/clock, /robot_2/cmd_vel/linear/x, /clock/clock, /robot_3/cmd_vel/linear/x, /clock/clock, /robot_0/cmd_vel/linear/y, /clock/clock, /robot_1/cmd_vel/linear/y, /clock/clock, /robot_0/cmd_vel/linear/y, /clock/clock, /robot_3/cmd_vel/linear/y
5.2999999999999998224, 0.97017190471878977931, 5.2999999999999998224, -0.6719736518427954497, 5.2999999999999998224, 0.076550615216503220539, 6.2999999999999998224, 0.18947174564893828896, 5.2999999999999998224, 2.3158500422897301028e-8, 5.2999999999999998224, -5.7979578146887462359e-8, 5.2999999999999998224, 2.3158500422897301028e-8, 6.2999999999999998224, 0.68898014610162050531
5.4000000000000003553, 1.0010317020304630997, 5.4000000000000003553, -0.73473440975352866111, 5.4000000000000003553, 0.11312387673199972293, 6.4000000000000003553, 0.186921721127962015, 5.4000000000000003553, 2.6133523056264231455e-6, 5.4000000000000003553, -1.2712547343834267467e-5, 5.4000000000000003553, 2.6133523056264231455e-6, 6.4000000000000003553, 0.67058674029244880188
5.5, 1.0010317020304630997, 5.5, -0.73473440975352866111, 5.5, 0.12795482348651010529, 6.5, 0.14770187078967628169, 5.5, 2.6133523056264231455e-6, 5.5, -1.2712547343834267467e-5, 5.5, 2.6133523056264231455e-6, 6.5, 0.65597991282492584819
5.5999999999999996447, 1.0010317020304630997, 5.5999999999999996447, -0.73473440975352866111, 5.5999999999999996447, 0.13216445861622166946, 6.5999999999999996447, 0.11975655681742028436, 5.5999999999999996447, 2.6133523056264231455e-6, 5.5999999999999996447, -1.2712547343834267467e-5, 5.5999999999999996447, 2.6133523056264231455e-6, 6.5999999999999996447, 0.65463624523812180556
5.7000000000000001776, 1.0010317020304630997, 5.7000000000000001776, -0.73473440975352866111, 5.7000000000000001776, 0.13311344760215787497, 6.7000000000000001776, 0.10815741478047569135, 5.7000000000000001776, 2.6133523056264231455e-6, 5.7000000000000001776, -1.2712547343834267467e-5, 5.7000000000000001776, 2.6133523056264231455e-6, 6.7000000000000001776, 0.6559755901856406668
5.7999999999999998224, 1.0010317020304630997, 5.7999999999999998224, -0.73473440975352866111, 5.7999999999999998224, 0.13593408310460236565, 6.7999999999999998224, 0.100834739110925109, 5.7999999999999998224, 2.6133523056264231455e-6, 5.7999999999999998224, -1.2712547343834267467e-5, 5.7999999999999998224, 2.6133523056264231455e-6, 6.7999999999999998224, 0.65606742678715324057
5.9000000000000003553, 1.0010317020304630997, 5.9000000000000003553, -0.73473440975352866111, 5.9000000000000003553, 0.1378668765300270771, 6.9000000000000003553, 0.098099239575175731232, 5.9000000000000003553, 2.6133523056264231455e-6, 5.9000000000000003553, -1.2712547343834267467e-5, 5.9000000000000003553, 2.6133523056264231455e-6, 6.9000000000000003553, 0.65695461768752916321
6, 1.0010317020304630997, 6, -0.73473440975352866111, 6, 0.14090706629142349393, 7, 0.097404415669980010106, 6, 2.6133523056264231455e-6, 6, -1.2712547343834267467e-5, 6, 2.6133523056264231455e-6, 7, 0.6573354385886134299
6.0999999999999996447, 1.0010317020304630997, 6.0999999999999996447, -0.73473440975352866111, 6.0999999999999996447, 0.14833185368934920234, 7.0999999999999996447, 0.095651023286590475259, 6.0999999999999996447, 2.6133523056264231455e-6, 6.0999999999999996447, -1.2712547343834267467e-5, 6.0999999999999996447, 2.6133523056264231455e-6, 7.0999999999999996447, 0.65759656539519562024
6.2000000000000001776, 1.0010317020304630997, 6.2000000000000001776, -0.73473440975352866111, 6.2000000000000001776, 0.17110856298762872063, 7.2000000000000001776, 0.095530472693780371651, 6.2000000000000001776, 2.6133523056264231455e-6, 6.2000000000000001776, -1.2712547343834267467e-5, 6.2000000000000001776, 2.6133523056264231455e-6, 7.2000000000000001776, 0.65769169162161833508
6.2999999999999998224, 1.0010317020304630997, 6.2999999999999998224, -0.73473440975352866111, 6.2999999999999998224, 0.19388037919396117204, 7.2999999999999998224, 0.095146384170732581365, 6.2999999999999998224, 2.6133523056264231455e-6, 6.2999999999999998224, -1.2712547343834267467e-5, 6.2999999999999998224, 2.6133523056264231455e-6, 7.2999999999999998224, 0.65777514947696680281
6.4000000000000003553, 1.0010317020304630997, 6.4000000000000003553, -0.99769029700064015831, 6.4000000000000003553, 0.16526012001874379465, 7.4000000000000003553, 0.094959949493745116067, 6.4000000000000003553, 2.6133523056264231455e-6, 6.4000000000000003553, -0.14297396709027715422, 6.4000000000000003553, 2.6133523056264231455e-6, 7.4000000000000003553, 0.65783145435662615519
6.5, 1.0010317020304630997, 6.5, -0.99769029700064015831, 6.5, 0.037009701888059569341, 7.5, 0.094876821979276854124, 6.5, 2.6133523056264231455e-6, 6.5, -0.14297396709027715422, 6.5, 2.6133523056264231455e-6, 7.5, 0.65788193294940022771
6.5999999999999996447, 1.0010317020304630997, 6.5999999999999996447, -0.99769029700064015831, 6.5999999999999996447, -0.030815824770291828927, 7.5999999999999996447, 0.094814645557039223256, 6.5999999999999996447, 2.6133523056264231455e-6, 6.5999999999999996447, -0.14297396709027715422, 6.5999999999999996447, 2.6133523056264231455e-6, 7.5999999999999996447, 0.65790185432298686763
6.7000000000000001776, 1.0010317020304630997, 6.7000000000000001776, -0.99769029700064015831, 6.7000000000000001776, -0.068019311158317191657, 7.7000000000000001776, 0.094772302289845428147, 6.7000000000000001776, 2.6133523056264231455e-6, 6.7000000000000001776, -0.14297396709027715422, 6.7000000000000001776, 2.6133523056264231455e-6, 7.7000000000000001776, 0.65790932761537623819
6.7999999999999998224, 1.0010317020304630997, 6.7999999999999998224, -0.99769029700064015831, 6.7999999999999998224, -0.087223711110149038106, 7.7999999999999998224, 0.094743077774215520015, 6.7999999999999998224, 2.6133523056264231455e-6, 6.7999999999999998224, -0.14297396709027715422, 6.7999999999999998224, 2.6133523056264231455e-6, 7.7999999999999998224, 0.65790912963174774664
6.9000000000000003553, 1.0010317020304630997, 6.9000000000000003553, -0.99769029700064015831, 6.9000000000000003553, -0.097181075659745250195, 7.9000000000000003553, 0.094717282101990735166, 6.9000000000000003553, 2.6133523056264231455e-6, 6.9000000000000003553, -0.14297396709027715422, 6.9000000000000003553, 2.6133523056264231455e-6, 7.9000000000000003553, 0.65790417266100731375
7, 1.0010317020304630997, 7, -0.99769029700064015831, 7, -0.1025272672705708904, 8, 0.094693462274749368168, 7, 2.6133523056264231455e-6, 7, -0.14297396709027715422, 7, 2.6133523056264231455e-6, 8, 0.65789560979296890508
7.0999999999999996447, 1.0010317020304630997, 7.0999999999999996447, -0.99769029700064015831, 7.0999999999999996447, -0.10542617619036541432, 8.0999999999999996447, 0.094671179074776651285, 7.0999999999999996447, 2.6133523056264231455e-6, 7.0999999999999996447, -0.14297396709027715422, 7.0999999999999996447, 2.6133523056264231455e-6, 8.0999999999999996447, 0.65788486736730789062
7.2000000000000001776, 1.0010317020304630997, 7.2000000000000001776, -0.99769029700064015831, 7.2000000000000001776, -0.1069977129257286691, 8.1999999999999992895, 0.094649167225312358376, 7.2000000000000001776, 2.6133523056264231455e-6, 7.2000000000000001776, -0.14297396709027715422, 7.2000000000000001776, 2.6133523056264231455e-6, 8.1999999999999992895, 0.65787272050703993198
7.2999999999999998224, 1.0010317020304630997, 7.2999999999999998224, -0.99769029700064015831, 7.2999999999999998224, -0.10773985714312835082, 8.3000000000000007105, 0.094626824808800164002, 7.2999999999999998224, 2.6133523056264231455e-6, 7.2999999999999998224, -0.14297396709027715422, 7.2999999999999998224, 2.6133523056264231455e-6, 8.3000000000000007105, 0.65785939203647458839
7.4000000000000003553, 1.0010317020304630997, 7.4000000000000003553, -0.99769029700064015831, 7.4000000000000003553, -0.10811620001470508001, 8.4000000000000003553, 0.094604159949811847397, 7.4000000000000003553, 2.6133523056264231455e-6, 7.4000000000000003553, -0.14297396709027715422, 7.4000000000000003553, 2.6133523056264231455e-6, 8.4000000000000003553, 0.6578452689352385363
7.5, 1.0010317020304630997, 7.5, -0.99769029700064015831, 7.5, -0.10831203450713119962, 8.5, 0.09458083682562723471, 7.5, 2.6133523056264231455e-6, 7.5, -0.14297396709027715422, 7.5, 2.6133523056264231455e-6, 8.5, 0.65783035921814869695
7.5999999999999996447, 1.0010317020304630997, 7.5999999999999996447, -0.99769029700064015831, 7.5999999999999996447, -0.10841173329418973825, 8.5999999999999996447, 0.094556704985217621129, 7.5999999999999996447, 2.6133523056264231455e-6, 7.5999999999999996447, -0.14297396709027715422, 7.5999999999999996447, 2.6133523056264231455e-6, 8.5999999999999996447, 0.65781475114071619181
7.7000000000000001776, 1.0010317020304630997, 7.7000000000000001776, -0.99769029700064015831, 7.7000000000000001776, -0.1084677646165574938, 8.6999999999999992895, 0.09453168013547236237, 7.7000000000000001776, 2.6133523056264231455e-6, 7.7000000000000001776, -0.14297396709027715422, 7.7000000000000001776, 2.6133523056264231455e-6, 8.6999999999999992895, 0.65779844331293113591
7.7999999999999998224, 1.0010317020304630997, 7.7999999999999998224, -0.99769029700064015831, 7.7999999999999998224, -0.10850277612572710451, 8.8000000000000007105, 0.094505622183205545417, 7.7999999999999998224, 2.6133523056264231455e-6, 7.7999999999999998224, -0.14297396709027715422, 7.7999999999999998224, 2.6133523056264231455e-6, 8.8000000000000007105, 0.65778141790128519251
7.9000000000000003553, 1.0010317020304630997, 7.9000000000000003553, -0.99769029700064015831, 7.9000000000000003553, -0.10854986231324076362, 8.9000000000000003553, 0.094478427658243380183, 7.9000000000000003553, 2.6133523056264231455e-6, 7.9000000000000003553, -0.14297396709027715422, 7.9000000000000003553, 2.6133523056264231455e-6, 8.9000000000000003553, 0.65776363363640233395
8, 1.0010317020304630997, 8, -0.99769029700064015831, 8, -0.10858213880509869076, 9, 0.094449977343006003005, 8, 2.6133523056264231455e-6, 8, -0.14297396709027715422, 8, 2.6133523056264231455e-6, 9, 0.65774503634643233241
8.0999999999999996447, 1.0010317020304630997, 8.0999999999999996447, -0.99769029700064015831, 8.0999999999999996447, -0.10860803434406775259, 9.0999999999999996447, 0.09442014005451912495, 8.0999999999999996447, 2.6133523056264231455e-6, 8.0999999999999996447, -0.14297396709027715422, 8.0999999999999996447, 2.6133523056264231455e-6, 9.0999999999999996447, 0.65772555633873575065
8.1999999999999992895, 1.0010317020304630997, 8.1999999999999992895, -0.99769029700064015831, 8.1999999999999992895, -0.10862991534410953998, 9.1999999999999992895, 0.094388809457245453904, 8.1999999999999992895, 2.6133523056264231455e-6, 8.1999999999999992895, -0.14297396709027715422, 8.1999999999999992895, 2.6133523056264231455e-6, 9.1999999999999992895, 0.65770510822049677024
8.3000000000000007105, 1.0010317020304630997, 8.3000000000000007105, -0.99769029700064015831, 8.3000000000000007105, -0.10865016157972758049, 9.3000000000000007105, 0.094355629020354464531, 8.3000000000000007105, 2.6133523056264231455e-6, 8.3000000000000007105, -0.14297396709027715422, 8.3000000000000007105, 2.6133523056264231455e-6, 9.3000000000000007105, 0.65768358507551694103
8.4000000000000003553, 1.0010317020304630997, 8.4000000000000003553, -0.99769029700064015831, 8.4000000000000003553, -0.10866992130421965213, 9.4000000000000003553, 0.094321037094361917519, 8.4000000000000003553, 2.6133523056264231455e-6, 8.4000000000000003553, -0.14297396709027715422, 8.4000000000000003553, 2.6133523056264231455e-6, 9.4000000000000003553, 0.65766095034019289578
8.5, 1.0010317020304630997, 8.5, -0.99769029700064015831, 8.5, -0.10868982571259101777, 9.5, 0.094282430170356104626, 8.5, 2.6133523056264231455e-6, 8.5, -0.14297396709027715422, 8.5, 2.6133523056264231455e-6, 9.5, 0.65763793632767275632
8.5999999999999996447, 1.0010317020304630997, 8.5999999999999996447, -0.99769029700064015831, 8.5999999999999996447, -0.10871025586338976809, 9.5999999999999996447, 0.094218985879856595456, 8.5999999999999996447, 2.6133523056264231455e-6, 8.5999999999999996447, -0.14297396709027715422, 8.5999999999999996447, 2.6133523056264231455e-6, 9.5999999999999996447, 0.65761172001040713031
8.6999999999999992895, 1.0010317020304630997, 8.6999999999999992895, -0.99769029700064015831, 8.6999999999999992895, -0.10873145457742669495, 9.6999999999999992895, 0.094144926846435772472, 8.6999999999999992895, 2.6133523056264231455e-6, 8.6999999999999992895, -0.14297396709027715422, 8.6999999999999992895, 2.6133523056264231455e-6, 9.6999999999999992895, 0.65757631262155591401
8.8000000000000007105, 1.0010317020304630997, 8.8000000000000007105, -0.99769029700064015831, 8.8000000000000007105, -0.10875359833706729762, 9.8000000000000007105, 0.094070510677764590524, 8.8000000000000007105, 2.6133523056264231455e-6, 8.8000000000000007105, -0.14297396709027715422, 8.8000000000000007105, 2.6133523056264231455e-6, 9.8000000000000007105, 0.65753464031367681031
8.9000000000000003553, 1.0010317020304630997, 8.9000000000000003553, -0.99769029700064015831, 8.9000000000000003553, -0.10877684318192280821, 9.9000000000000003553, 0.093948302004979583613, 8.9000000000000003553, 2.6133523056264231455e-6, 8.9000000000000003553, -0.14297396709027715422, 8.9000000000000003553, 2.6133523056264231455e-6, 9.9000000000000003553, 0.657302010105324519
9, 1.0010317020304630997, 9, -0.99769029700064015831, 9, -0.10880134366462602957, 10, 0.09407948472832072806, 9, 2.6133523056264231455e-6, 9, -0.14297396709027715422, 9, 2.6133523056264231455e-6, 10, 0.65743607554672012228
9.0999999999999996447, 1.0010317020304630997, 9.0999999999999996447, -0.99769029700064015831, 9.0999999999999996447, -0.1088272687646363035, 10.099999999999999645, 0.094304792878231458175, 9.0999999999999996447, 2.6133523056264231455e-6, 9.0999999999999996447, -0.14297396709027715422, 9.0999999999999996447, 2.6133523056264231455e-6, 10.099999999999999645, 0.65759505609411017524
9.1999999999999992895, 1.0010317020304630997, 9.1999999999999992895, -0.99769029700064015831, 9.1999999999999992895, -0.10885789132378553834, 10.199999999999999289, 0.094149938273387565046, 9.1999999999999992895, 2.6133523056264231455e-6, 9.1999999999999992895, -0.14297396709027715422, 9.1999999999999992895, 2.6133523056264231455e-6, 10.199999999999999289, 0.65746605455506368365
9.3000000000000007105, 1.0010317020304630997, 9.3000000000000007105, -0.99769029700064015831, 9.3000000000000007105, -0.10888474798531182219, 10.300000000000000711, 0.094331570166455686044, 9.3000000000000007105, 2.6133523056264231455e-6, 9.3000000000000007105, -0.14297396709027715422, 9.3000000000000007105, 2.6133523056264231455e-6, 10.300000000000000711, 0.65704710875627392319
9.4000000000000003553, 1.0010317020304630997, 9.4000000000000003553, -0.99769029700064015831, 9.4000000000000003553, -0.10891654382704378523, 10.400000000000000355, 0.094440688582474008328, 9.4000000000000003553, 2.6133523056264231455e-6, 9.4000000000000003553, -0.14297396709027715422, 9.4000000000000003553, 2.6133523056264231455e-6, 10.400000000000000355, 0.65732749849521132646
9.5, 1.0010317020304630997, 9.5, -0.99769029700064015831, 9.5, -0.1089509872082217723, 10.5, 0.093238452069001415135, 9.5, 2.6133523056264231455e-6, 9.5, -0.14297396709027715422, 9.5, 2.6133523056264231455e-6, 10.5, 0.65778107101950589186
9.5999999999999996447, 1.0010317020304630997, 9.5999999999999996447, -0.99769029700064015831, 9.5999999999999996447, -0.10898834102979744476, 10.599999999999999645, 0.092774666002551159361, 9.5999999999999996447, 2.6133523056264231455e-6, 9.5999999999999996447, -0.14297396709027715422, 9.5999999999999996447, 2.6133523056264231455e-6, 10.599999999999999645, 0.65763432431289803315
9.6999999999999992895, 1.0010317020304630997, 9.6999999999999992895, -0.99769029700064015831, 9.6999999999999992895, -0.10903022274132662117, 10.699999999999999289, 0.094078160389694201471, 9.6999999999999992895, 2.6133523056264231455e-6, 9.6999999999999992895, -0.14297396709027715422, 9.6999999999999992895, 2.6133523056264231455e-6, 10.699999999999999289, 0.65773187764278118195
9.8000000000000007105, 1.0010317020304630997, 9.8000000000000007105, -0.99769029700064015831, 9.8000000000000007105, -0.10911686490149614948, 10.800000000000000711, 0.18777875930421936146, 9.8000000000000007105, 2.6133523056264231455e-6, 9.8000000000000007105, -0.14297396709027715422, 9.8000000000000007105, 2.6133523056264231455e-6, 10.800000000000000711, 0.83494841736242442209
9.9000000000000003553, 1.0010317020304630997, 9.9000000000000003553, -0.99769029700064015831, 9.9000000000000003553, -0.10905729685162307563, 10.900000000000000355, 0.12414541376473813006, 9.9000000000000003553, 2.6133523056264231455e-6, 9.9000000000000003553, -0.14297396709027715422, 9.9000000000000003553, 2.6133523056264231455e-6, 10.900000000000000355, 0.97969187433564930423
10, 1.0010317020304630997, 10, -0.99769029700064015831, 10, -0.10933520245120446901, 11, 0.089945387331759787952, 10, 2.6133523056264231455e-6, 10, -0.14297396709027715422, 10, 2.6133523056264231455e-6, 11, 1.0002132557630791787
10.099999999999999645, 1.0010317020304630997, 10.099999999999999645, -0.99769029700064015831, 10.099999999999999645, -0.10966416602374949585, 11.099999999999999645, 0.075343158992654951644, 10.099999999999999645, 2.6133523056264231455e-6, 10.099999999999999645, -0.14297396709027715422, 10.099999999999999645, 2.6133523056264231455e-6, 11.099999999999999645, 0.99940918021487912259
10.199999999999999289, 1.0010317020304630997, 10.199999999999999289, -0.99769029700064015831, 10.199999999999999289, -0.11006927576871648744, 11.199999999999999289, 0.070334528765854276156, 10.199999999999999289, 2.6133523056264231455e-6, 10.199999999999999289, -0.14297396709027715422, 10.199999999999999289, 2.6133523056264231455e-6, 11.199999999999999289, 1.0001027856867725774
10.300000000000000711, 1.0010317020304630997, 10.300000000000000711, -0.99769029700064015831, 10.300000000000000711, -0.10993695168928836747, 11.300000000000000711, 0.068546289526057069263, 10.300000000000000711, 2.6133523056264231455e-6, 10.300000000000000711, -0.14297396709027715422, 10.300000000000000711, 2.6133523056264231455e-6, 11.300000000000000711, 1.0002641898052457847
10.400000000000000355, 1.0010317020304630997, 10.400000000000000355, -0.99769029700064015831, 10.400000000000000355, -0.11081885092702163653, 11.400000000000000355, 0.067281461221857435939, 10.400000000000000355, 2.6133523056264231455e-6, 10.400000000000000355, -0.14297396709027715422, 10.400000000000000355, 2.6133523056264231455e-6, 11.400000000000000355, 0.99997024441644066783
10.5, 1.0010317020304630997, 10.5, -0.99769029700064015831, 10.5, -0.11034917074498892808, 11.5, 0.067036272255565507172, 10.5, 2.6133523056264231455e-6, 10.5, -0.14297396709027715422, 10.5, 2.6133523056264231455e-6, 11.5, 1.0000878878333356869
10.599999999999999645, 1.0010317020304630997, 10.599999999999999645, -0.99769029700064015831, 10.599999999999999645, -0.10849364508580051913, 11.599999999999999645, 0.065783792694480203167, 10.599999999999999645, 2.6133523056264231455e-6, 10.599999999999999645, -0.14297396709027715422, 10.599999999999999645, 2.6133523056264231455e-6, 11.599999999999999645, 1.0000854029756691688
10.699999999999999289, 1.0010317020304630997, 10.699999999999999289, -0.99769029700064015831, 10.699999999999999289, -0.11244677409716030692, 11.699999999999999289, 0.065012239842797928113, 10.699999999999999289, 2.6133523056264231455e-6, 10.699999999999999289, -0.14297396709027715422, 10.699999999999999289, 2.6133523056264231455e-6, 11.699999999999999289, 1.0000815966667706558
10.800000000000000711, 0.9958417540394597367, 10.800000000000000711, -1.0034030487544525201, 10.800000000000000711, -0.23117766923873928064, 11.800000000000000711, 0.067183762083566800349, 10.800000000000000711, 0.50699092398802214632, 10.800000000000000711, -0.36750550657703229263, 10.800000000000000711, 0.50699092398802214632, 11.800000000000000711, 0.99990520194947296595
10.900000000000000355, 1.0000003492277751427, 10.900000000000000355, -0.9967359148954069159, 10.900000000000000355, -0.097970757573949629471, 11.900000000000000355, -0.031512061854389053495, 10.900000000000000355, 0.44455335765344711207, 10.900000000000000355, -0.3226865499840517737, 10.900000000000000355, 0.44455335765344711207, 11.900000000000000355, 0.99994717315715719863
11, 1.0024838364049122319, 11, -0.99969326518730317055, 11, -0.05980624201456954947, 12, -0.11721335053255041436, 11, 0.40242351030790224353, 11, -0.29618963173840906489, 11, 0.40242351030790224353, 12, 1.0002336061346033258
11.099999999999999645, 0.99997056615533752577, 11.099999999999999645, -1.0023300157469141602, 11.099999999999999645, -0.038440482710866225036, 12.099999999999999645, -0.18946292442672224565, 11.099999999999999645, 0.36106096698801948275, 11.099999999999999645, -0.28479264408224458371, 11.099999999999999645, 0.36106096698801948275, 12.099999999999999645, 1.0000902566178824227
11.199999999999999289, 0.99967494125503786329, 11.199999999999999289, -0.99840338911527848342, 11.199999999999999289, -0.028215996931178662088, 12.199999999999999289, -0.24906484349392443711, 11.199999999999999289, 0.31801963138581018642, 11.199999999999999289, -0.2704334321029355781, 11.199999999999999289, 0.31801963138581018642, 12.199999999999999289, 1.0002485509412759601
11.300000000000000711, 1.0001768562666333295, 11.300000000000000711, -0.99986246657088773127, 11.300000000000000711, -0.024206509141216588088, 12.300000000000000711, -0.29697927253839695449, 11.300000000000000711, 0.27373953886074120501, 11.300000000000000711, -0.2513299528543436745, 11.300000000000000711, 0.27373953886074120501, 12.300000000000000711, 0.99938801327275783581
11.400000000000000355, 0.99927946484717866671, 11.400000000000000355, -1.0010297209799925433, 11.400000000000000355, -0.022241582549019082993, 12.400000000000000355, -0.33420565062562612724, 11.400000000000000355, 0.22895573374442257375, 11.400000000000000355, -0.22975401562177921733, 11.400000000000000355, 0.22895573374442257375, 12.400000000000000355, 0.99909790285582300573
11.5, 0.99923144980255884651, 11.5, -1.0009753799727749701, 11.5, -0.021037803953569963328, 12.5, -0.36570408291277450852, 11.5, 0.1809876182110910503, 11.5, -0.20649489862470388202, 11.5, 0.1809876182110910503, 12.5, 0.99976482101532826441
11.599999999999999645, 1.0009362411076487831, 11.599999999999999645, -1.0007925217267885643, 11.599999999999999645, -0.020124650584972314515, 12.599999999999999645, -0.38395308684813844735, 11.599999999999999645, 0.12359810742688460972, 11.599999999999999645, -0.16576993487906099833, 11.599999999999999645, 0.12359810742688460972, 12.599999999999999645, 0.99864845151292791492
11.699999999999999289, 0.99889204509368179075, 11.699999999999999289, -1.0007843670657046165, 11.699999999999999289, -0.020164790967469398142, 12.699999999999999289, -0.39451677642217714004, 11.699999999999999289, 0.06670179408885491823, 11.699999999999999289, -0.026150706037529593273, 11.699999999999999289, 0.06670179408885491823, 12.699999999999999289, 0.99891795374864644774
11.800000000000000711, 0.99885079248404506913, 11.800000000000000711, -1.0001090164425492368, 11.800000000000000711, -0.020508968673087032975, 12.800000000000000711, -0.39833814858561089611, 11.800000000000000711, 0.017805797123139153332, 11.800000000000000711, 0.093604546279465558611, 11.800000000000000711, 0.017805797123139153332, 12.800000000000000711, 0.99909700457971395426
11.900000000000000355, 0.99918745113020568382, 11.900000000000000355, -0.9998662439671952562, 11.900000000000000355, 0.023771075284368330116, 12.900000000000000355, -0.3963128458604409099, 11.900000000000000355, -0.02369036030563601708, 11.900000000000000355, 0.19530122102981795074, 11.900000000000000355, -0.02369036030563601708, 12.900000000000000355, 0.99913902464677695203
12, 0.9991425796912981605, 12, -1.0003965205426297302, 12, 0.063674703449871972172, 13, -0.38928890787771741611, 12, -0.059038826172874446507, 12, 0.28020250532763113505, 12, -0.059038826172874446507, 13, 0.99913390219110354007
12.099999999999999645, 0.99907404904252428146, 12.099999999999999645, -1.0004201819955602648, 12.099999999999999645, 0.09730829871600732428, 13.099999999999999645, -0.37806192423369833211, 12.099999999999999645, -0.088636072432983423197, 12.099999999999999645, 0.34955028420732758843, 12.099999999999999645, -0.088636072432983423197, 13.099999999999999645, 0.99912529812770833892
12.199999999999999289, 0.99904827178321209402, 12.199999999999999289, -1.0003929748704512015, 12.199999999999999289, 0.12498995486227205964, 13.199999999999999289, -0.36337181648891786478, 12.199999999999999289, -0.11289522021381803718, 12.199999999999999289, 0.40459189975803655503, 12.199999999999999289, -0.11289522021381803718, 13.199999999999999289, 0.99912032693707386599
12.300000000000000711, 0.99904465717404611347, 12.300000000000000711, -1.0002889431029908796, 12.300000000000000711, 0.14714750023824635372, 13.300000000000000711, -0.34590073081467476168, 12.300000000000000711, -0.13224254472236701696, 12.300000000000000711, 0.4466382119051978683, 12.300000000000000711, -0.13224254472236701696, 13.300000000000000711, 0.99911770409582301156
12.400000000000000355, 0.99904577940826699844, 12.400000000000000355, -1.0002753509751243222, 12.400000000000000355, 0.16425517531452604736, 13.400000000000000355, -0.32627210254988986415, 12.400000000000000355, -0.14710991696545389074, 12.400000000000000355, 0.47691430360522024667, 12.400000000000000355, -0.14710991696545389074, 13.400000000000000355, 0.99911567281398372398
12.5, 0.99963536686524490094, 12.5, -1.0000683394936440429, 12.5, 0.17864272000414682662, 13.5, -0.30505180621837757471, 12.5, -0.15969023842767018917, 12.5, 0.50224828658046094532, 12.5, -0.15969023842767018917, 13.5, 0.9990564036375596535
12.599999999999999645, 0.9987780450858072534, 12.599999999999999645, -1.0005274954080760619, 12.599999999999999645, 0.1866832823315190959, 13.599999999999999645, -0.2827453230067280554, 12.599999999999999645, -0.16661418123229049248, 12.599999999999999645, 0.51215011241088814753, 12.599999999999999645, -0.16661418123229049248, 13.599999999999999645, 0.99913614418314400378
12.699999999999999289, 0.99880427468940158331, 12.699999999999999289, -1.0002397405487848392, 12.699999999999999289, 0.19122154288189885385, 13.699999999999999289, -0.2598020009026007493, 12.699999999999999289, -0.17034356270820899537, 12.699999999999999289, 0.51345914925329305678, 12.699999999999999289, -0.17034356270820899537, 13.699999999999999289, 0.99909562872630475194
12.800000000000000711, 0.9989609095586403642, 12.800000000000000711, -1.0002333987201268428, 12.800000000000000711, 0.19258410626587663117, 13.800000000000000711, -0.23661712618855271217, 12.800000000000000711, -0.17127837405595880416, 12.800000000000000711, 0.50771248868009133393, 12.800000000000000711, -0.17127837405595880416, 13.800000000000000711, 0.99906493758507708414
12.900000000000000355, 0.99935576650501611873, 12.900000000000000355, -1.0002281790342693046, 12.900000000000000355, 0.19120626912550936494, 13.900000000000000355, -0.21353370550668124284, 12.900000000000000355, -0.16979835782495134033, 12.900000000000000355, 0.49600267464218855684, 12.900000000000000355, -0.16979835782495134033, 13.900000000000000355, 0.9990603375159173849
13, 1.0000644860604759323, 13, -1.0002260901727466624, 13, 0.1874770714430279428, 14, -0.19084524283146669932, 13, -0.16626242391658779818, 13, 0.47931687063131861448, 13, -0.16626242391658779818, 14, 0.99906404762004341613
13.099999999999999645, 1.0001991386860589195, 13.099999999999999645, -1.0002470443289073199, 13.099999999999999645, 0.184145754089676289, 14.099999999999999645, -0.16879873491794356033, 13.099999999999999645, -0.16100672825691536572, 13.099999999999999645, 0.45854990272349854807, 13.099999999999999645, -0.16100672825691536572, 14.099999999999999645, 0.99906735683438008255
13.199999999999999289, 1.0001067980355946574, 13.199999999999999289, -0.99981367464400494605, 13.199999999999999289, 0.1763089387709307343, 14.199999999999999289, -0.14759798520378092368, 13.199999999999999289, -0.15434270304688940678, 13.199999999999999289, 0.43462652963682640861, 13.199999999999999289, -0.15434270304688940678, 14.199999999999999289, 0.99906908794390958395
13.300000000000000711, 1.0000110489960145621, 13.300000000000000711, -0.99958323476075394698, 13.300000000000000711, 0.1673619886699805881, 14.300000000000000711, -0.12740680417868294194, 13.300000000000000711, -0.14655710148836859075, 13.300000000000000711, 0.40823850742560952032, 13.300000000000000711, -0.14655710148836859075, 14.300000000000000711, 0.99906913713308342917
13.400000000000000355, 0.99996507778558030299, 13.400000000000000355, -0.99955726135822076106, 13.400000000000000355, 0.15743959944243030025, 14.400000000000000355, -0.10835255882268367278, 13.400000000000000355, -0.13791120978661342011, 13.400000000000000355, 0.38008658338355566508, 13.400000000000000355, -0.13791120978661342011, 14.400000000000000355, 0.99906831630947401379
13.5, 0.99995026954837262778, 13.5, -0.99957533575913393165, 13.5, 0.14681130830891014893, 14.5, -0.090529710965495641117, 13.5, -0.12864110177351048558, 13.5, 0.35079536822531265372, 13.5, -0.12864110177351048558, 14.5, 0.99906763374994644877
13.599999999999999645, 0.99986076817405034056, 13.599999999999999645, -0.99958019792780317125, 13.599999999999999645, 0.13572220762716216691, 14.599999999999999645, -0.074003002595353167825, 13.599999999999999645, -0.11895784550524284018, 13.599999999999999645, 0.32091223384724898438, 13.599999999999999645, -0.11895784550524284018, 14.599999999999999645, 0.99906571756070439161
13.699999999999999289, 1.0005444035616117837, 13.699999999999999289, -0.99958711637208885747, 13.699999999999999289, 0.12437547297450263217, 14.699999999999999289, -0.058810828230268924477, 13.699999999999999289, -0.10904880034100715436, 13.699999999999999289, 0.29092259261668701464, 13.699999999999999289, -0.10904880034100715436, 14.699999999999999289, 0.99930647057250998611
13.800000000000000711, 1.0010167197370840597, 13.800000000000000711, -0.99959009654123298638, 13.800000000000000711, 0.11295490312863835924, 14.800000000000000711, -0.044968156712111906348, 13.800000000000000711, -0.099077889177871192317, 13.800000000000000711, 0.26125031835635337263, 13.800000000000000711, -0.099077889177871192317, 14.800000000000000711, 0.9999938332191052881
13.900000000000000355, 1.0012194148669539828, 13.900000000000000355, -1.0005211919967837986, 13.900000000000000355, 0.1016233810385361036, 14.900000000000000355, -0.032470079154806041899, 13.900000000000000355, -0.089186716481684469304, 13.900000000000000355, 0.23222557282168754256, 13.900000000000000355, -0.089186716481684469304, 14.900000000000000355, 1.0000863289897816699
14, 0.99953949474518521967, 14, -1.0003012578003356303, 14, 0.090518632776878660273, 15, -0.021294414744834962161, 14, -0.079495727790874395891, 14, 0.20415193812613374735, 14, -0.079495727790874395891, 15, 0.99997860250260728332
14.099999999999999645, 0.99609923667025723759, 14.099999999999999645, -1.0003546321920522288, 14.099999999999999645, 0.079759029541149384368, 15.099999999999999645, -0.011404462018345291191, 14.099999999999999645, -0.070106493490151508552, 14.099999999999999645, 0.1772661157471136506, 14.099999999999999645, -0.070106493490151508552, 15.099999999999999645, 0.9999050197656297323
14.199999999999999289, 0.99530511884245542742, 14.199999999999999289, -1.0003907477138045401, 14.199999999999999289, 0.069436000461916391746, 15.199999999999999289, -0.002751695365327599084, 14.199999999999999289, -0.06110169957153684106, 14.199999999999999289, 0.15175998338312457481, 14.199999999999999289, -0.06110169957153684106, 15.199999999999999289, 0.99992770830266197724
14.300000000000000711, 0.98958272531985813636, 14.300000000000000711, -0.99943862648460934928, 14.300000000000000711, 0.059630288032663965325, 15.300000000000000711, 0.0047234053201839678454, 14.300000000000000711, -0.052546145791841379624, 14.300000000000000711, 0.12779235335339322877, 14.300000000000000711, -0.052546145791841379624, 15.300000000000000711, 0.99996354851993118906
14.400000000000000355, 0.97147853130661687704, 14.400000000000000355, -0.99893082917980946522, 14.400000000000000355, 0.050407438008912078264, 15.400000000000000355, 0.01108510533425619525, 14.400000000000000355, -0.044491714380318896083, 14.400000000000000355, 0.10546423392994554169, 14.400000000000000355, -0.044491714380318896083, 15.400000000000000355, 1.0001207422621294363
14.5, 0.94599301178638717236, 14.5, -0.99914812342684566904, 14.5, 0.041804711997182386618, 15.5, 0.016404484843771060393, 14.5, -0.037094146388348472887, 14.5, 0.084835731432553601605, 14.5, -0.037094146388348472887, 15.5, 1.0009221721670229499
14.599999999999999645, 0.9084482965585602976, 14.599999999999999645, -0.99385424333695016053, 14.599999999999999645, 0.03384937836452019122, 15.599999999999999645, 0.020758049383107594899, 14.599999999999999645, -0.030122299994139727086, 14.599999999999999645, 0.065946125967135393875, 14.599999999999999645, -0.030122299994139727086, 15.599999999999999645, 1.0013190387290633598
14.699999999999999289, 0.86406552041324857782, 14.699999999999999289, -0.97560173070940825468, 14.699999999999999289, 0.026546906499632080823, 15.699999999999999289, 0.024223404512817309914, 14.699999999999999289, -0.023727885355975308901, 14.699999999999999289, 0.048683566717437190552, 14.699999999999999289, -0.023727885355975308901, 15.699999999999999289, 1.001451090982846015
14.800000000000000711, 0.81439756279127906158, 14.800000000000000711, -0.94687249173634568944, 14.800000000000000711, 0.019904917665614911548, 15.800000000000000711, 0.026880113350347636936, 14.800000000000000711, -0.017915242021967425767, 14.800000000000000711, 0.033193200652184416677, 14.800000000000000711, -0.017915242021967425767, 15.800000000000000711, 1.000388936750804092
14.900000000000000355, 0.76084883965275129647, 14.900000000000000355, -0.90955543334953181667, 14.900000000000000355, 0.013895717786878329994, 15.900000000000000355, 0.028804082791021513865, 14.900000000000000355, -0.012680148144969569796, 14.900000000000000355, 0.019435488275458413787, 14.900000000000000355, -0.012680148144969569796, 15.900000000000000355, 0.99699072454913884034
15, 0.7046782350523028704, 15, -0.86535439138643921453, 15, 0.0084997487039028853106, 16, 0.030073266735217509676, 15, -0.008011278967380054683, 15, 0.0073509646046424582597, 15, -0.008011278967380054683, 16, 0.99642546076169968838
15.099999999999999645, 0.64700278099239505458, 15.099999999999999645, -0.81582549184727315428, 15.099999999999999645, 0.0037482593211735091079, 16.100000000000001421, 0.030765935542942438735, 15.099999999999999645, -0.0038913531690148244445, 15.099999999999999645, -0.003134274122879410901, 15.099999999999999645, -0.0038913531690148244445, 16.100000000000001421, 0.9924651382716193071
15.199999999999999289, 0.58880267503512739857, 15.199999999999999289, -0.76237726138970329792, 15.199999999999999289, -0.00036035533897209543006, 16.199999999999999289, 0.030951745783959649927, 15.199999999999999289, -0.00029821140623078820631, 15.199999999999999289, -0.012105086720843576814, 15.199999999999999289, -0.00029821140623078820631, 16.199999999999999289, 0.97589685772055767554
15.300000000000000711, 0.53092744592451035501, 15.300000000000000711, -0.70627264941874012827, 15.300000000000000711, -0.0038896310795252754186, 16.300000000000000711, 0.030698838523923060312, 15.300000000000000711, 0.0027942304617321802457, 15.300000000000000711, -0.019654606439691454933, 15.300000000000000711, 0.0027942304617321802457, 16.300000000000000711, 0.94864659153901798039
15.400000000000000355, 0.47410299509161674125, 15.400000000000000355, -0.64863261822107620702, 15.400000000000000355, -0.0068741368856986987193, 16.399999999999998579, 0.030072194535305633162, 15.400000000000000355, 0.0054150933067764360149, 15.400000000000000355, -0.02588180530893897241, 15.400000000000000355, 0.0054150933067764360149, 16.399999999999998579, 0.91257745354914265867
15.5, 0.41893927600044866821, 15.5, -0.59044117852493060994, 15.5, -0.0093450470042057611625, 16.5, 0.029132650808710264939, 15.5, 0.0075956716230541993992, 15.5, -0.030889376871966352928, 15.5, 0.0075956716230541993992, 16.5, 0.8694086018067622712
15.599999999999999645, 0.36593843616081728198, 15.599999999999999645, -0.53255150872772183401, 15.599999999999999645, -0.01134955172612917354, 16.600000000000001421, 0.027936671466518941259, 15.599999999999999645, 0.0093687320500997969819, 15.599999999999999645, -0.034781846544725450454, 15.599999999999999645, 0.0093687320500997969819, 16.600000000000001421, 0.82071245816175641963
15.699999999999999289, 0.31550326113749127543, 15.699999999999999289, -0.4756929581765015902, 15.699999999999999289, -0.012917151722422658133, 16.699999999999999289, 0.026536211434540137033, 15.699999999999999289, 0.01076787237141552285, 15.699999999999999289, -0.037663937474883363299, 15.699999999999999289, 0.01076787237141552285, 16.699999999999999289, 0.76791429293648860721
15.800000000000000711, 0.26794575968958084244, 15.800000000000000711, -0.4204786968444845785, 15.800000000000000711, -0.014092786684055452415, 16.800000000000000711, 0.024978655913194945659, 15.800000000000000711, 0.01182695745286501017, 15.800000000000000711, -0.039639134003907408599, 15.800000000000000711, 0.01182695745286501017, 16.800000000000000711, 0.71229391663222063613
15.900000000000000355, 0.22349575320437553572, 15.900000000000000355, -0.36741385656533998016, 15.900000000000000355, -0.014916536509583166667, 16.899999999999998579, 0.023306830363961972274, 15.900000000000000355, 0.012579628850973125984, 15.900000000000000355, -0.040808477691176417435, 15.900000000000000355, 0.012579628850973125984, 16.899999999999998579, 0.65498904592139073344
16, 0.18230935617086357903, 16, -0.31690396928322073222, 16, -0.015426882999731359597, 17, 0.021559069874315342497, 16, 0.013058888242993426862, 16, -0.041269562777871429682, 16, 0.013058888242993426862, 17, 0.59700009108012030978
16.100000000000001421, 0.14447724860345181885, 16.100000000000001421, -0.26926354701022686688, 16.100000000000001421, -0.01566100030551760211, 17.100000000000001421, 0.019769338638704239686, 16.100000000000001421, 0.013296746647814010681, 16.100000000000001421, -0.041115718491232085274, 16.100000000000001421, 0.013296746647814010681, 17.100000000000001421, 0.53919610144262231088
16.199999999999999289, 0.11003265640953613369, 16.199999999999999289, -0.2247246751876862958, 16.199999999999999289, -0.015654504155482390493, 17.199999999999999289, 0.017967390927063828232, 16.199999999999999289, 0.013323938601755633618, 16.199999999999999289, -0.040435363906233451337, 16.199999999999999289, 0.013323938601755633618, 17.199999999999999289, 0.48232162701352954137
16.300000000000000711, 0.078958978788792821835, 16.300000000000000711, -0.18344549517803054872, 16.300000000000000711, -0.015441205308072509725, 17.300000000000000711, 0.016178965571384776312, 16.300000000000000711, 0.013169690805468927189, 16.300000000000000711, -0.039311519585578991176, 16.300000000000000711, 0.013169690805468927189, 17.300000000000000711, 0.42700427612486330231
16.399999999999998579, 0.05119700949104453308, 16.399999999999998579, -0.14551847962076114307, 16.399999999999998579, -0.015052910093906848518, 17.399999999999998579, 0.014426006673066078465, 16.399999999999998579, 0.012861543237392757816, 16.399999999999998579, -0.037821457976692382519, 16.399999999999998579, 0.012861543237392757816, 17.399999999999998579, 0.37376277065490426388
16.5, 0.026651709887605470883, 16.5, -0.11097842328509630039, 16.5, -0.01451928052392314171, 17.5, 0.012726903908432077306, 16.5, 0.012425219521375648751, 16.5, -0.03603647980711768839, 16.5, 0.012425219521375648751, 17.5, 0.32301532156509882299
16.600000000000001421, 0.0051985087648247973666, 16.600000000000001421, -0.079810080944383909873, 16.600000000000001421, -0.013867742871166240451, 17.600000000000001421, 0.011096746477676328393, 16.600000000000001421, 0.011884539020335907825, 16.600000000000001421, -0.034021802589663946437, 16.600000000000001421, 0.011884539020335907825, 17.600000000000001421, 0.27508816813025749326
16.699999999999999289, -0.013310889131310243289, 16.699999999999999289, -0.05195539931229312125, 16.699999999999999289, -0.013123438781035921125, 17.699999999999999289, 0.0095475853958148313577, 16.699999999999999289, 0.011261366711768179202, 16.699999999999999289, -0.031836545793231751933, 16.699999999999999289, 0.011261366711768179202, 17.699999999999999289, 0.23022414404878369099
16.800000000000000711, -0.029043194176959441499, 16.800000000000000711, -0.027320303726667650307, 16.800000000000000711, -0.012309213476657103817, 17.800000000000000711, 0.0080886994566087989239, 16.800000000000000711, 0.010575596187776439838, 16.800000000000000711, -0.02953379932388970272, 16.800000000000000711, 0.010575596187776439838, 17.800000000000000711, 0.18859115247291724504
16.899999999999998579, -0.042178723143131140183, 16.899999999999998579, -0.0057810117043484311045, 16.899999999999998579, -0.011445635950416463422, 17.899999999999998579, 0.006726860806707560432, 16.899999999999998579, 0.0098451613411071753346, 16.899999999999998579, -0.027160762722424045684, 16.899999999999998579, 0.0098451613411071753346, 17.899999999999998579, 0.15029044977715036446
17, -0.052907084490709008207, 17, 0.012810144304279486027, 17, -0.01055104635927678336, 18, 0.0054665966433343777392, 17, 0.0090860725453050378286, 17, -0.024758943303815790504, 17, 0.0090860725453050378286, 18, 0.11536465450012167722
17.100000000000001421, -0.061423345806977565353, 17.100000000000001421, 0.028619393618973035937, 17.100000000000001421, -0.0096416261760747003218, 18.100000000000001421, 0.0043104440913122087434, 17.100000000000001421, 0.0083124734023984729603, 17.100000000000001421, -0.022364402327694109934, 17.100000000000001421, 0.0083124734023984729603, 18.100000000000001421, 0.083805413292959707316
17.199999999999999289, -0.067924666747537665312, 17.199999999999999289, 0.041826704282883195307, 17.199999999999999289, -0.0087314869893464590322, 18.199999999999999289, 0.0032591958213129012568, 17.199999999999999289, 0.0075367144103867592109, 17.199999999999999289, -0.020008039178343511866, 17.199999999999999289, 0.0075367144103867592109, 18.199999999999999289, 0.055560669851214231074
17.300000000000000711, -0.072607376980125093446, 17.300000000000000711, 0.052621454282118722279, 17.300000000000000711, -0.0078327741856753993477, 18.300000000000000711, 0.0023121344386708561278, 17.300000000000000711, 0.0067694401902156902534, 17.300000000000000711, -0.017715904432245209443, 17.300000000000000711, 0.0067694401902156902534, 18.300000000000000711, 0.030541495685701035984
17.399999999999998579, -0.07566447557543382052, 17.399999999999998579, 0.061198585303859000251, 17.399999999999998579, -0.0069557820860772327787, 18.399999999999998579, 0.0014672540994005076574, 17.399999999999998579, 0.0060196872032333859776, 17.399999999999998579, -0.015509533586614668993, 17.399999999999998579, 0.0060196872032333859776, 18.399999999999998579, 0.0086284532058995451476
17.5, -0.077283525981560075024, 17.5, 0.067755222523655081468, 17.5, -0.0061090774368471253974, 18.5, 0.00072146819633153182715, 17.5, 0.0052949891811613115922, 17.5, -0.013406294102193710982, 17.5, 0.0052949891811613115922, 18.5, -0.010322528030019897244
17.600000000000001421, -0.077644919080019220159, 17.600000000000001421, 0.072487740022783242466, 17.600000000000001421, -0.0052996284720025956666, 18.600000000000001421, 7.0802306092380219759e-5, 17.600000000000001421, 0.0046014877777914246076, 17.600000000000001421, -0.011419739267786659098, 17.600000000000001421, 0.0046014877777914246076, 18.600000000000001421, -0.026474771866394075648
17.699999999999999289, -0.076920475780349301109, 17.699999999999999289, 0.075589248365330291568, 17.699999999999999289, -0.0045329370669864397364, 18.699999999999999289, -0.00048942810802895186321, 17.699999999999999289, 0.0039440462318553106552, 17.699999999999999289, -0.0095599632146340027261, 17.699999999999999289, 0.0039440462318553106552, 18.699999999999999289, -0.040005974848278266776
17.800000000000000711, -0.075272360096700796639, 17.800000000000000711, 0.07724747853779029283, 17.800000000000000711, -0.0038131717915428769983, 18.800000000000000711, -0.00096445546891178800079, 17.800000000000000711, 0.0033263641011861302781, 17.800000000000000711, -0.0078339521892620937737, 17.800000000000000711, 0.0033263641011861302781, 18.800000000000000711, -0.051103819291083860121
17.899999999999998579, -0.072852273595717387256, 17.899999999999998579, 0.077643034797245685796, 17.899999999999998579, -0.0031432999451777108441, 18.899999999999998579, -0.0013599133282348148995, 17.899999999999998579, 0.0027510913871871887741, 17.899999999999998579, -0.0062459279291348906299, 17.899999999999998579, 0.0027510913871871887741, 18.899999999999998579, -0.059962069262480086063
18, -0.069800902445732240786, 18, 0.076947987914976367918, 18, -0.0025252169238601501061, 19, -0.0016816886122165569401, 18, 0.002219940613849988309, 18, -0.0047976796728738477921, 18, 0.002219940613849988309, 19, -0.06677716627216490064
18.100000000000001421, -0.066247588972174642485, 18.100000000000001421, 0.075324779770209224217, 18.100000000000001421, -0.001959871523903547897, 19.100000000000001421, -0.0019358776101776860659, 18.100000000000001421, 0.0017337956555853106452, 18.100000000000001421, -0.0034888819738914072892, 18.100000000000001421, 0.0017337956555853106452, 19.100000000000001421, -0.071745156761692241432
18.199999999999999289, -0.062310200576737785616, 18.199999999999999289, 0.072925410176501934134, 18.199999999999999289, -0.0014473860391618913364, 19.199999999999999289, -0.0021285643499114785884, 18.199999999999999289, 0.0012928163217632597168, 18.199999999999999289, -0.0023173960719249037457, 18.199999999999999289, 0.0012928163217632597168, 19.199999999999999289, -0.075059141074313329156
18.300000000000000711, -0.0580951700567012147, 18.300000000000000711, 0.06989087714755434777, 18.300000000000000711, -0.00098717024941250984711, 19.300000000000000711, -0.0022658169159399154172, 18.300000000000000711, 0.00089653790233714975456, 18.300000000000000711, -0.0012795531108475968404, 18.300000000000000711, 0.00089653790233714975456, 19.300000000000000711, -0.076907199214558075173
18.399999999999998579, -0.053697682718880201946, 18.399999999999998579, 0.066350842470715640231, 18.399999999999998579, -0.00057802862728489608039, 19.399999999999998579, -0.0023535902568709151858, 18.399999999999998579, 0.00054396505792209766048, 18.399999999999998579, -0.0003704179735690055794, 18.399999999999998579, 0.00054396505792209766048, 19.399999999999998579, -0.07747054598894478894
18.5, -0.049201987115187265087, 18.5, 0.062423495399845624343, 18.5, -0.00021763146104696615233, 19.5, -0.0023976626766838123397, 18.5, 0.00023365962847202918599, 18.5, 0.00041596706345072378443, 18.5, 0.00023365962847202918599, 19.5, -0.076922077703545518879
18.600000000000001421, -0.044681807482495797257, 18.600000000000001421, 0.058215588414718050236, 18.600000000000001421, 9.551946294990056052e-5, 19.600000000000001421, -0.0024035836112066165035, 18.600000000000001421, -3.6177999782003085894e-5, 18.600000000000001421, 0.0010863593113236921523, 18.600000000000001421, -3.6177999782003085894e-5, 19.600000000000001421, -0.075425234310915245661
18.699999999999999289, -0.040200840257248668386, 18.699999999999999289, 0.05382261975746609195, 18.699999999999999289, 0.00036295429806673472741, 19.699999999999999289, -0.0023766317871595074238, 18.699999999999999289, -0.00026763384908828696199, 18.699999999999999289, 0.0016481138575944725283, 18.699999999999999289, -0.00026763384908828696199, 19.699999999999999289, -0.073133147728454458991
18.800000000000000711, -0.035813313074588008778, 18.800000000000000711, 0.049329142611085265158, 18.800000000000000711, 0.00058816185889553804743, 19.800000000000000711, -0.0023217828648843114037, 18.800000000000000711, -0.00046301314014603748214, 18.800000000000000711, 0.0021090004520917262319, 18.800000000000000711, -0.00046301314014603748214, 19.800000000000000711, -0.070188047422346216964
18.899999999999998579, -0.031564591612168173274, 18.899999999999998579, 0.044809174652522487659, 18.899999999999998579, 0.00077407815161662624735, 19.899999999999998579, -0.0022436856651053458354, 18.899999999999998579, -0.00062477832501381467666, 18.899999999999998579, 0.0024770418718527442183, 18.899999999999998579, -0.00062477832501381467666, 19.899999999999998579, -0.066720894995655269377
19, -0.027491818859463959535, 19, 0.040326690932863042127, 19, 0.00092372267029486993233, 20, -0.002146646091583759991, 19, -0.0007554943258338068764, 19, 0.0027603717122986204391, 19, -0.0007554943258338068764, 20, -0.062851220447079553244
19.100000000000001421, -0.023624575766262832788, 19.100000000000001421, 0.035936180704886779014, 19.100000000000001421, 0.0010401750907094253849, 20.100000000000001421, -0.0020346178834158424979, 19.100000000000001421, -0.00085777977268080922955, 19.100000000000001421, 0.0029671096714242247046, 19.100000000000001421, -0.00085777977268080922955, 20.100000000000001421, -0.058687133926431045428
19.199999999999999289, -0.019985549296821867454, 19.199999999999999289, 0.031683254743945440945, 19.199999999999999289, 0.0011265265797887002129, 20.199999999999999289, -0.0019111993611902883261, 19.199999999999999289, -0.00093426438592531153588, 19.199999999999999289, 0.0031052565794676481592, 19.199999999999999289, -0.00093426438592531153588, 20.199999999999999289, -0.054325488156589836486
19.300000000000000711, -0.016591197833376633564, 19.300000000000000711, 0.027605284134392473611, 19.300000000000000711, 0.0011858365990138738846, 20.300000000000000711, -0.0017796353686159575337, 19.300000000000000711, -0.00098755224806936674556, 19.300000000000000711, 0.0031826043597372338269, 19.300000000000000711, -0.00098755224806936674556, 20.300000000000000711, -0.049852168176039865499
19.399999999999998579, -0.013452406463973359818, 19.399999999999998579, 0.023732059064890811267, 19.399999999999998579, 0.0012210962961651332902, 20.399999999999998579, -0.0016428236540618798133, 19.399999999999998579, -0.0010201909384982132002, 19.399999999999998579, 0.003206661234098136682, 19.399999999999998579, -0.0010201909384982132002, 20.399999999999998579, -0.045342486641958043569
19.5, -0.010575124641423717942, 19.5, 0.020086456330380066115, 19.5, 0.0012351980761713303794, 20.5, -0.0015033249833635018485, 19.5, -0.0010346455065744501918, 19.5, 0.0031845913076423877641, 19.5, -0.0010346455065744501918, 20.5, -0.040861664586113885522
19.600000000000001421, -0.00796098007953424322, 19.600000000000001421, 0.016685105341625795783, 19.600000000000001421, 0.0012309108576584503261, 20.600000000000001421, -0.0013633763250320500137, 19.600000000000001421, -0.0010332772006500152463, 19.600000000000001421, 0.0031231673909415461066, 19.600000000000001421, -0.0010332772006500152463, 20.600000000000001421, -0.03646537920339747163
19.699999999999999289, -0.005607864040304867681, 19.699999999999999289, 0.013539043877315082298, 19.699999999999999289, 0.0012108605175376726745, 20.699999999999999289, -0.0012249065005835138749, 19.699999999999999289, -0.001018326568595747262, 19.699999999999999289, 0.0030287356670458936286, 19.699999999999999289, -0.001018326568595747262, 20.699999999999999289, -0.032200361948383354749
19.800000000000000711, -0.0035104842278450691141, 19.800000000000000711, 0.010654356277623861643, 19.800000000000000711, 0.0011775150315564285493, 20.800000000000000711, -0.0010895537451349997585, 19.800000000000000711, -0.00099190054111290794012, 19.800000000000000711, 0.00290719100989772581, 19.800000000000000711, -0.00099190054111290794012, 20.800000000000000711, -0.028105031895358824345
19.899999999999998579, -0.0016608824680945442724, 19.899999999999998579, 0.0080327880376904158, 19.899999999999998579, 0.0011331738297487511675, 20.899999999999998579, -0.00095868467587896435272, 19.899999999999998579, -0.00095596311057996694472, 19.899999999999998579, 0.0027639617866403987621, 19.899999999999998579, -0.00095596311057996694472, 20.899999999999998579, -0.024210150961562100502
20, -4.8915219065011643004e-5, 20, 0.0056723319225644181635, 20, 0.0010799609011854140878, 21, -0.00083341421783506984718, 20, -0.00091232922464619685323, 20, 0.0026040030140208015805, 20, -0.00091232922464619685323, 21, -0.02053948918517615671
20.100000000000001421, 0.001337304273559602151, 20.100000000000001421, 0.0035677817900230490537, 20.100000000000001421, 0.0010198212015201206515, 21.100000000000001421, -0.00071462608679971530851, 20.100000000000001421, -0.00086266152441960705036, 20.100000000000001421, 0.0024317967865215396953, 20.100000000000001421, -0.00086266152441960705036, 21.100000000000001421, -0.017110489775076422742
20.199999999999999289, 0.0025110026828667215276, 20.199999999999999289, 0.0017112512737325012973, 20.199999999999999289, 0.0009545199387923068322, 21.199999999999999289, -0.00060299347817021188654, 20.199999999999999289, -0.00080846957117687578975, 20.199999999999999289, 0.0022513589490298756973, 20.199999999999999289, -0.00080846957117687578975, 21.199999999999999289, -0.013934925097454487972
20.300000000000000711, 0.0034863820872839479739, 20.300000000000000711, 9.2655347623211493143e-5, 20.300000000000000711, 0.00088564433707277799394, 21.300000000000000711, -0.00049899965691224570756, 20.300000000000000711, -0.00075111122237221964945, 20.300000000000000711, 0.0020662510479351960287, 20.300000000000000711, -0.00075111122237221964945, 21.300000000000000711, -0.011019536126808268661
20.399999999999998579, 0.0042782936498924686863, 20.399999999999998579, -0.0012998464348768445052, 20.399999999999998579, 0.00081460750319504809068, 21.399999999999998579, -0.00040295818804985924014, 20.399999999999998579, -0.00069179583672516662372, 20.399999999999998579, 0.0018795966599104026694, 20.399999999999998579, -0.00069179583672516662372, 21.399999999999998579, -0.0083666491592825388557
20.5, 0.0049019484764507396946, 20.5, -0.0024794455527621245272, 20.5, 0.00074265404844422522931, 21.5, -0.00031503258844769012684, 20.5, -0.00063158900876719671277, 20.5, 0.0016941012658092864142, 20.5, -0.00063158900876719671277, 21.5, -0.0059747647609449741624
20.600000000000001421, 0.005372664284907679999, 20.600000000000001421, -0.0034603189147439246919, 20.600000000000001421, 0.0006708671441984740292, 21.600000000000001421, -0.00023525521915621988795, 20.600000000000001421, -0.00057141855492517739344, 20.600000000000001421, 0.0015120749068012716287, 20.600000000000001421, -0.00057141855492517739344, 21.600000000000001421, -0.0038391150001099169989
20.699999999999999289, 0.0057056462338043734128, 20.699999999999999289, -0.0042573014683340484193, 20.699999999999999289, 0.00060017671772378980519, 21.699999999999999289, -0.00016354527309520695095, 20.699999999999999289, -0.00051208149557217981507, 20.699999999999999289, 0.0013354569299321873005, 20.699999999999999289, -0.00051208149557217981507, 21.699999999999999289, -0.0019521859907012297647
20.800000000000000711, 0.0059158000337066968602, 20.800000000000000711, -0.0048855960183150567988, 20.800000000000000711, 0.00053136852127037229737, 21.800000000000000711, -9.9725745306025281693e-5, 20.800000000000000711, -0.00045425180009432745932, 20.800000000000000711, 0.0011658421997573595753, 20.800000000000000711, -0.00045425180009432745932, 21.800000000000000711, -0.00030420365371889847251
20.899999999999998579, 0.0060175752989170688823, 20.899999999999998579, -0.0053605188969255909703, 20.899999999999998579, 0.00046509383402213886824, 21.899999999999998579, -4.3539302405753959452e-5, 20.899999999999998579, -0.00039848868456756757379, 20.899999999999998579, 0.0010045082207048878359, 20.899999999999998579, -0.00039848868456756757379, 21.899999999999998579, 0.0011164186118474560445
21, 0.0060248369804913127004, 21, -0.0056972798408615500654, 21, 0.00040187958207922429028, 22, 5.3370057406622484371e-6, 21, -0.00034524527382095624405, 21, 0.00085244268068765199041, 21, -0.00034524527382095624405, 22, 0.002322670965813750793
21.100000000000001421, 0.0059507626504569505199, 21.100000000000001421, -0.0059107942052099692737, 21.100000000000001421, 0.00034213868631901959722, 22.100000000000001421, 4.7278225669585859418e-5, 21.100000000000001421, -0.00029487746123896892321, 21.100000000000001421, 0.00071037098961917078017, 21.100000000000001421, -0.00029487746123896892321, 22.100000000000001421, 0.0033285768859015090262
21.199999999999999289, 0.0058077633757405624365, 21.199999999999999289, -0.0060155254759721148855, 21.199999999999999289, 0.00028618047153693127425, 22.199999999999999289, 8.2699184239172328229e-5, 21.199999999999999289, -0.00024765282042250256469, 21.199999999999999289, 0.00057878344643937074641, 21.199999999999999289, -0.00024765282042250256469, 22.199999999999999289, 0.0041488611456547263429
21.300000000000000711, 0.0056074259234571988131, 21.300000000000000711, -0.0060253559252134575308, 21.300000000000000711, 0.00023422099260006178632, 22.300000000000000711, 0.00011204336397249839213, 21.300000000000000711, -0.00020375944262357339846, 21.300000000000000711, 0.00045796172467184770478, 21.300000000000000711, -0.00020375944262357339846, 22.300000000000000711, 0.0047986550829268431045
21.399999999999998579, 0.0053604740720373522667, 21.399999999999998579, -0.0059534831805225663787, 21.399999999999998579, 0.00018639315436961905945, 22.399999999999998579, 0.00013577291329818061329, 21.399999999999998579, -0.00016331459256513805958, 21.399999999999998579, 0.0003480044191574346293, 21.399999999999998579, -0.00016331459256513805958, 22.399999999999998579, 0.0052932380394309641591
21.5, 0.0050767468605440006779, 21.5, -0.005812340447955637035, 21.5, 0.00014275652180164555261, 22.5, 0.00015436018547386644176, 21.5, -0.00012637309276000523433, 21.5, 0.00024885144527160367976, 21.5, -0.00012637309276000523433, 22.5, 0.0056478122000420769716
21.600000000000001421, 0.0047651916871736654108, 21.600000000000001421, -0.0056135381298656125693, 21.600000000000001421, 0.00010330673488188222501, 22.600000000000001421, 0.00016827945454711979844, 21.600000000000001421, -9.293536268593907885e-5, 21.600000000000001421, 0.00016030712654245093778, 21.600000000000001421, -9.293536268593907885e-5, 22.600000000000001421, 0.0058773113169379997967
21.699999999999999289, 0.004433870263387740783, 21.699999999999999289, -0.0053678246110147737058, 21.699999999999999289, 6.7984459869234941743e-5, 22.699999999999999289, 0.00017800071646396128239, 21.699999999999999289, -6.2955054118008518956e-5, 21.699999999999999289, 8.2061847116696992393e-5, 21.699999999999999289, -6.2955054118008518956e-5, 22.699999999999999289, 0.005996239498361017814
21.800000000000000711, 0.0040899755387345257743, 21.800000000000000711, -0.0050850640435628159317, 21.800000000000000711, 3.668380581466075378e-5, 22.800000000000000711, 0.00018398392583000570846, 21.800000000000000711, -3.6346237547167687288e-5, 21.800000000000000711, 1.3712182005717560179e-5, 21.800000000000000711, -3.6346237547167687288e-5, 22.800000000000000711, 0.0060185380566053162804
21.899999999999998579, 0.0037398578275691612798, 21.899999999999998579, -0.0047742290396070585778, 21.899999999999998579, 9.2530922251620683586e-6, 22.899999999999998579, 0.00018667427445452687649, 21.899999999999998579, -1.2990107229432089515e-5, 21.899999999999998579, -4.5220549435652225524e-5, 21.899999999999998579, -1.2990107229432089515e-5, 22.899999999999998579, 0.0059574787001322286606
22, 0.0033890585043096733628, 22, -0.0044434062722566863846, 22, -1.4469133723218509645e-5, 23, 0.00018649832982888550582, 22, 7.2588167842731941376e-6, 22, -9.5273335054771329409e-5, 22, 7.2588167842731941376e-6, 23, 0.0058255806498698726667
22.100000000000001421, 0.0030423497491421161443, 22.100000000000001421, -0.004099813106252988941, 22.100000000000001421, -3.4689124530819839256e-5, 23.100000000000001421, 0.00018386096417050801872, 22.100000000000001421, 2.4567003785331074765e-5, 22.100000000000001421, -0.00013702611962649626203, 22.100000000000001421, 2.4567003785331074765e-5, 23.100000000000001421, 0.0056345494248331347981
22.199999999999999289, 0.0027037789626843146407, 22.199999999999999289, -0.0037498234797652815406, 22.199999999999999289, -5.1627182996186467387e-5, 23.199999999999999289, 0.00017914300394996734945, 22.199999999999999289, 3.9116747328979634222e-5, 22.199999999999999289, -0.00017108803877539637212, 22.199999999999999289, 3.9116747328979634222e-5, 23.199999999999999289, 0.0053952350701920847448
22.300000000000000711, 0.002376716604653624984, 22.300000000000000711, -0.0033990013916281374903, 22.300000000000000711, -6.551572979613618712e-5, 23.300000000000000711, 0.00017269953005550904134, 22.300000000000000711, 5.1101510524955410684e-5, 22.300000000000000711, -0.00019808519928107926685, 22.300000000000000711, 5.1101510524955410684e-5, 23.300000000000000711, 0.00511760765445425439
22.399999999999998579, 0.0020639063339234131264, 22.399999999999998579, -0.0030521404827323784376, 22.399999999999998579, -7.6595316921136273906e-5, 23.399999999999998579, 0.00016485875988396937308, 22.399999999999998579, 6.0721779722897532394e-5, 22.399999999999998579, -0.00021864995021206911686, 22.399999999999998579, 6.0721779722897532394e-5, 23.399999999999998579, 0.0048107479374146231224
22.5, 0.0017675164760838078023, 22.5, -0.0027133083232981575553, 22.5, -8.5110326604387174674e-5, 23.5, 0.00015592144453842814947, 22.5, 6.8181403622805103731e-5, 22.5, -0.00023341157144061503359, 22.5, 6.8181403622805103731e-5, 23.5, 0.0044828512029567030295
22.600000000000001421, 0.0014891919204697784754, 22.600000000000001421, -0.0023858941757456259003, 22.600000000000001421, -9.1305183008116128801e-5, 23.600000000000001421, 0.00014616071682954450382, 22.600000000000001421, 7.3684402091155287934e-5, 22.600000000000001421, -0.00024298832610062911022, 22.600000000000001421, 7.3684402091155287934e-5, 23.600000000000001421, 0.0041412423569753562327
22.699999999999999289, 0.0012301057071826800374, 22.699999999999999289, -0.0020726590763838724507, 22.699999999999999289, -9.5421090989944521831e-5, 23.699999999999999289, 0.00013582232879806509728, 22.699999999999999289, 7.7432223240224374791e-5, 22.699999999999999289, -0.00024798076325840273659, 22.699999999999999289, 7.7432223240224374791e-5, 23.699999999999999289, 0.0037924005072952084693
22.800000000000000711, 0.00099100966001945136295, 22.800000000000000711, -0.0017757872608612939626, 22.800000000000000711, -9.769327343393536655e-5, 23.800000000000000711, 0.00012512522088934893184, 22.800000000000000711, 7.9621419907366028368e-5, 22.800000000000000711, -0.0002489661981978233754, 22.800000000000000711, 7.9621419907366028368e-5, 23.800000000000000711, 0.0034419913664513503149
22.899999999999998579, 0.00077228352360180071642, 22.899999999999998579, -0.0014969380571431924794, 22.899999999999998579, -9.834867429666189684e-5, 23.899999999999998579, 0.00011426236861628362668, 22.899999999999998579, 8.044171697398717685e-5, 22.899999999999998579, -0.00024649427911485063221, 22.899999999999998579, 8.044171697398717685e-5, 23.899999999999998579, 0.0030949059469038897249
23, 0.00057398215937872333441, 23, -0.0012372974878657422119, 23, -9.7604092825984362439e-5, 24, 0.00010340185645423567837, 23, 8.0074441149734221224e-5, 23, -0.00024108354563541378626, 23, 8.0074441149734221224e-5, 24, 0.0027553041492828600316
23.100000000000001421, 0.00039588044395189476163, 23.100000000000001421, -0.00099762893476270861348, 23.100000000000001421, -9.5664713497972791978e-5, 24.100000000000001421, 9.2688132740221677907e-5, 23.100000000000001421, 7.8691283246658613347e-5, 23.100000000000001421, -0.00023321888540274126581, 23.100000000000001421, 7.8691283246658613347e-5, 24.100000000000001421, 0.0024266619755460537566
23.199999999999999289, 0.00023751559389947117886, 23.199999999999999289, -0.00077832232149282142529, 23.199999999999999289, -9.2722995911676149832e-5, 24.199999999999999289, 8.2243403427600576014e-5, 23.199999999999999289, 7.6453362745683623759e-5, 23.199999999999999289, -0.00022334979650481362164, 23.199999999999999289, 7.6453362745683623759e-5, 24.199999999999999289, 0.0021118212286829283336
23.300000000000000711, 9.8226714316865075538e-5, 23.300000000000000711, -0.00057944136730249742873, 23.300000000000000711, -8.8957889096231583309e-5, 24.300000000000000711, 7.2169126615744398395e-5, 23.300000000000000711, 7.3510564669064862569e-5, 23.300000000000000711, -0.00021188936572373690231, 23.300000000000000711, 7.3510564669064862569e-5, 24.300000000000000711, 0.0018130406873038316072
23.399999999999998579, -2.280856622119655972e-5, 23.399999999999998579, -0.00040076855254535129289, 23.399999999999998579, -8.453433534336713003e-5, 24.399999999999998579, 6.2547573778656975025e-5, 23.399999999999998579, 7.0001119353961592344e-5, 23.399999999999998579, -0.00019921387568946007747, 23.399999999999998579, 7.0001119353961592344e-5, 24.399999999999998579, 0.0015320478658563442282
23.5, -0.00012654045343852020258, 23.5, -0.00024184751799218164947, 23.5, -7.9603029708958576802e-5, 24.5, 5.3443427512934839406e-5, 23.5, 6.6051396613988852015e-5, 23.5, -0.00018566295784414903387, 23.5, 6.6051396613988852015e-5, 24.5, 0.0012700905882694411668
23.600000000000001421, -0.0002140163660341849012, 23.600000000000001421, -0.00010202269313721855381, 23.600000000000001421, -7.4300402663747956537e-5, 24.600000000000001421, 4.4905389376999045679e-5, 23.600000000000001421, 6.1775886922244046119e-5, 23.600000000000001421, -0.00017154021251799585071, 23.600000000000001421, 6.1775886922244046119e-5, 24.600000000000001421, 0.0010279877137572865191
23.699999999999999289, -0.00028635331917639162986, 23.699999999999999289, 1.9523985598072071733e-5, 23.699999999999999289, -6.8748794954624249665e-5, 24.699999999999999289, 3.6967774970534075427e-5, 23.699999999999999289, 5.7277343599693071065e-5, 23.699999999999999289, -0.00015711422224374283212, 23.699999999999999289, 5.7277343599693071065e-5, 24.699999999999999289, 0.00080617845766028104273
23.800000000000000711, -0.00034471325894500412903, 23.800000000000000711, 0.00012373934752316423304, 23.800000000000000711, -6.3056795508586034301e-5, 24.800000000000000711, 2.9652076782348969194e-5, 23.800000000000000711, 5.2647061500365461672e-5, 23.800000000000000711, -0.00014261988957048991346, 23.800000000000000711, 5.2647061500365461672e-5, 24.800000000000000711, 0.00060476984717267609579
23.899999999999998579, -0.00039028126207660642812, 23.899999999999998579, 0.00021166828075271467606, 23.899999999999998579, -5.7319715121416644024e-5, 24.899999999999998579, 2.296847849915497952e-5, 23.899999999999998579, 4.7965269307357968225e-5, 23.899999999999998579, -0.0001282600359661144134, 23.899999999999998579, 4.7965269307357968225e-5, 24.899999999999998579, 0.00042358194127554938888
24, -0.00042424648919447841347, 24, 0.00028442603082573243278, 24, -5.1620170677478671305e-5, 25, 1.691730740503147773e-5, 24, 4.3301614253405217698e-5, 24, -0.0001142072038232226492, 24, 4.3301614253405217698e-5, 25, 0.00026219052605389400355
24.100000000000001421, -0.00044778575871041699855, 24.100000000000001421, 0.00034317345203142878354, 24.100000000000001421, -4.6028756705950897446e-5, 25.100000000000001421, 1.1490414204359660768e-5, 24.100000000000001421, 3.8715719823247406227e-5, 24.100000000000001421, -0.00010060560902011267783, 24.100000000000001421, 3.8715719823247406227e-5, 25.100000000000001421, 0.00011996707078331043158
24.199999999999999289, -0.0004620495922966532591, 24.199999999999999289, 0.00038909512665203033546, 24.199999999999999289, -4.0604783157516437047e-5, 25.199999999999999289, 6.6724720665995292408e-6, 24.199999999999999289, 3.4257798752818906121e-5, 24.199999999999999289, -8.7573196861720091402e-5, 24.199999999999999289, 3.4257798752818906121e-5, 25.199999999999999289, -3.8842031773169529492e-6
24.300000000000000711, -0.00046815057082679102261, 24.300000000000000711, 0.00042338024102007065699, 24.300000000000000711, -3.5397060353694596608e-5, 25.300000000000000711, 2.4421889199495385743e-6, 24.300000000000000711, 2.9969305386959641099e-5, 24.300000000000000711, -7.5203759473189759634e-5, 24.300000000000000711, 2.9969305386959641099e-5, 25.300000000000000711, -0.0001102922293862891454
24.399999999999998579, -0.00046715383150056468201, 24.399999999999998579, 0.00044720608613090255447, 24.399999999999998579, -3.0444714092791380291e-5, 25.399999999999998579, -1.2265709837827208292e-6, 24.399999999999998579, 2.5883613171182756098e-5, 24.399999999999998579, -6.35690777882324127e-5, 24.399999999999998579, 2.5883613171182756098e-5, 25.399999999999998579, -0.00020028801578729959944
24.5, -0.00046006953211030104153, 24.5, 0.00046172403414392705146, 24.5, -2.5778015870177221853e-5, 25.5, -4.3637584426711078703e-6, 24.5, 2.2026704715790045215e-5, 24.5, -5.2721056123320338669e-5, 24.5, 2.2026704715790045215e-5, 25.5, -0.00027497656793216897642
24.600000000000001421, -0.00044784710661826171484, 24.600000000000001421, 0.0004680478299872134788, 24.600000000000001421, -2.1419215068226089052e-5, 25.600000000000001421, -7.0022042768551774939e-6, 24.600000000000001421, 1.8417863467312607694e-5, 24.600000000000001421, -4.2693821923252731174e-5, 24.600000000000001421, 1.8417863467312607694e-5, 25.600000000000001421, -0.00033551176842291100194
24.699999999999999289, -0.00043137113703781512384, 24.699999999999999289, 0.00046724402898872392483, 24.699999999999999289, -1.7383361778433023071e-5, 25.699999999999999289, -9.176776967127725737e-6, 24.699999999999999289, 1.5070357540860834802e-5, 24.699999999999999289, -3.3505767578349823972e-5, 24.699999999999999289, 1.5070357540860834802e-5, 25.699999999999999289, -0.00038307413270937231212
24.800000000000000711, -0.00041145866963456721429, 24.800000000000000711, 0.00046032440659830858995, 24.800000000000000711, -1.3679110623640692467e-5, , , 24.800000000000000711, 1.1992107698222007018e-5, 24.800000000000000711, -2.5161515230119065696e-5, 24.800000000000000711, 1.1992107698222007018e-5, , 
24.899999999999998579, -0.0003888578083772894177, 24.899999999999998579, 0.00044824016441645894064, 24.899999999999998579, -1.0309497543671150173e-5, , , 24.899999999999998579, 9.1863327936281311372e-6, 24.899999999999998579, -1.7653789189115013443e-5, 24.899999999999998579, 9.1863327936281311372e-6, , 
25, -0.00036424742499451879564, 25, 0.0004318777574713774498, 25, -7.2726829872134413581e-6, , , 25, 6.652167247433233538e-6, 25, -1.0965183979922443519e-5, 25, 6.652167247433233538e-6, , 
25.100000000000001421, -0.00033823783267763536014, 25.100000000000001421, 0.0004120561706643035985, 25.100000000000001421, -4.5626563131449254123e-6, , , 25.100000000000001421, 4.3852462448546583582e-6, 25.100000000000001421, -5.0698191028779185044e-6, 25.100000000000001421, 4.3852462448546583582e-6, , 
25.199999999999999289, -0.00031137227910527770763, 25.199999999999999289, 0.00038952547717084731781, 25.199999999999999289, -2.1698780257187874816e-6, , , 25.199999999999999289, 2.3782553918613192422e-6, 25.199999999999999289, 6.5125636221339648597e-8, 25.199999999999999289, 2.3782553918613192422e-6, , 
25.300000000000000711, -0.00028412912378769612049, 25.300000000000000711, 0.00036496651794479679489, 25.300000000000000711, -8.1945824244954180827e-8, , , 25.300000000000000711, 6.2144249326981893273e-7, 25.300000000000000711, 4.4779979254498720494e-6, 25.300000000000000711, 6.2144249326981893273e-7, , 
25.399999999999998579, -0.00025692457468871589482, 25.399999999999998579, 0.00033899154914607547602, 25.399999999999998579, 1.7158354984704323232e-6, , , 25.399999999999998579, -8.9691003836639980582e-7, 25.399999999999998579, 8.2113854115634763602e-6, 25.399999999999998579, -8.9691003836639980582e-7, , 
25.5, -0.00023011586896129560746, 25.5, 0.00031214571297577661715, 25.5, 3.2400387377478175612e-6, , , 25.5, -2.1900529688034459749e-6, 25.5, 1.1310952439243641987e-5, 25.5, -2.1900529688034459749e-6, , 
25.600000000000001421, -0.00020400479308907792475, 25.600000000000001421, 0.00028490919657289957888, 25.600000000000001421, 4.5085415392478775496e-6, , , 25.600000000000001421, -3.2723782467854573258e-6, 25.600000000000001421, 1.382439917408487769e-5, 25.600000000000001421, -3.2723782467854573258e-6, , 
25.699999999999999289, -0.00017884144783330668382, 25.699999999999999289, 0.00025769995358338989092, 25.699999999999999289, 5.5401293188428769334e-6, , , 25.699999999999999289, -4.1590668649521317281e-6, 25.699999999999999289, 1.5800539800301667521e-5, 25.699999999999999289, -4.1590668649521317281e-6, , 
