# /clock/clock, /robot_0/cmd_vel/linear/x, /clock/clock, /robot_1/cmd_vel/linear/x, /clock/clock, /robot_2/cmd_vel/linear/x, /clock/clock, /robot_3/cmd_vel/linear/x, /clock/clock, /robot_0/cmd_vel/linear/y, /clock/clock, /robot_1/cmd_vel/linear/y, /clock/clock, /robot_0/cmd_vel/linear/y, /clock/clock, /robot_3/cmd_vel/linear/y
3.3999999999999999112, 1, 3.3999999999999999112, -0.67182537058825952947, 3.3999999999999999112, 0.096097003803944758271, 3.3999999999999999112, -0.0050363592020003164484, 3.3999999999999999112, 0, 3.3999999999999999112, -0.072916214648675162224, 3.3999999999999999112, 0, 3.3999999999999999112, 0.67355624715997930441
3.5, 1, 3.5, -0.72123033152069560003, 3.5, 0.099481939092368423805, 3.5, -0.039567555659572671567, 3.5, 0, 3.5, -0.10441182631869944109, 3.5, 0, 3.5, 0.72936147377542126513
3.6000000000000000888, 1, 3.6000000000000000888, -0.75902919923836897897, 3.6000000000000000888, 0.10788240016126592058, 3.6000000000000000888, -0.06582730880102917459, 3.6000000000000000888, 0, 3.6000000000000000888, -0.13274061325236022335, 3.6000000000000000888, 0, 3.6000000000000000888, 0.76416650813281117305
3.7000000000000001776, 1, 3.7000000000000001776, -0.79117012409927423011, 3.7000000000000001776, 0.1196934667814215647, 3.7000000000000001776, -0.085647933416545390939, 3.7000000000000001776, 0, 3.7000000000000001776, -0.15656693314349728885, 3.7000000000000001776, 0, 3.7000000000000001776, 0.78752535156413239203
3.7999999999999998224, 1, 3.7999999999999998224, -0.81946399154448379409, 3.7999999999999998224, 0.13394886378225828727, 3.7999999999999998224, -0.10027635997515213506, 3.7999999999999998224, 0, 3.7999999999999998224, -0.17540583231277190324, 3.7999999999999998224, 0, 3.7999999999999998224, 0.80378349767714696306
3.8999999999999999112, 1, 3.8999999999999999112, -0.84425581676897143435, 3.8999999999999999112, 0.15001720354781983291, 3.8999999999999999112, -0.11079626823878423181, 3.8999999999999999112, 0, 3.8999999999999999112, -0.18963009059883922935, 3.8999999999999999112, 0, 3.8999999999999999112, 0.81515620198105875893
4, 1, 4, -0.86267498502629802459, 4, 0.1674269512276976013, 4, -0.11812669576744933009, 4, 0, 4, -0.19814561059923452291, 4, 0, 4, 0.82297330329806417382
4.0999999999999996447, 1, 4.0999999999999996447, -0.87617044774075147906, 4.0999999999999996447, 0.18575781967877946776, 4.0999999999999996447, -0.12299976518956681759, 4.0999999999999996447, 0, 4.0999999999999996447, -0.20355133334510000509, 4.0999999999999996447, 0, 4.0999999999999996447, 0.82813915169055551946
4.2000000000000001776, 1, 4.2000000000000001776, -0.88585710405981488158, 4.2000000000000001776, 0.20456742849893772007, 4.2000000000000001776, -0.12160133263583557117, 4.2000000000000001776, 0, 4.2000000000000001776, -0.20707252891644037374, 4.2000000000000001776, 0, 4.2000000000000001776, 0.82787882861746697749
4.2999999999999998224, 1, 4.2999999999999998224, -0.8899610322019345654, 4.2999999999999998224, 0.22333529331007392904, 4.2999999999999998224, -0.12053242683635585764, 4.2999999999999998224, 0, 4.2999999999999998224, -0.20819792034394488112, 4.2999999999999998224, 0, 4.2999999999999998224, 0.82747553630238346312
4.4000000000000003553, 1, 4.4000000000000003553, -0.89142039752810886544, 4.4000000000000003553, 0.24141230996740334347, 4.4000000000000003553, -0.11985813233097682151, 4.4000000000000003553, 0, 4.4000000000000003553, -0.20845659882016268072, 4.4000000000000003553, 0, 4.4000000000000003553, 0.82717057359329237975
4.5, 1, 4.5, -0.89177266904378693635, 4.5, 0.25796741669592465618, 4.5, -0.11968385449052110214, 4.5, 0, 4.5, -0.20842133204311785732, 4.5, 0, 4.5, 0.827138421992885009
4.5999999999999996447, 1, 4.5999999999999996447, -0.89185452053824265661, 4.5999999999999996447, 0.27192700226245780648, 4.5999999999999996447, -0.11963746276847599115, 4.5999999999999996447, 0, 4.5999999999999996447, -0.20836393125756891287, 4.5999999999999996447, 0, 4.5999999999999996447, 0.8271524506811295252
4.7000000000000001776, 1, 4.7000000000000001776, -0.89187188931595728913, 4.7000000000000001776, 0.2819102741880668006, 4.7000000000000001776, -0.11962445447335560977, 4.7000000000000001776, 0, 4.7000000000000001776, -0.20832536217847996696, 4.7000000000000001776, 0, 4.7000000000000001776, 0.82716699171355656528
4.7999999999999998224, 1, 4.7999999999999998224, -0.89187468592781382615, 4.7999999999999998224, 0.28555911776312664641, 4.7999999999999998224, -0.11962049738572648472, 4.7999999999999998224, 0, 4.7999999999999998224, -0.20830361316872261779, 4.7999999999999998224, 0, 4.7999999999999998224, 0.82717614402630323944
4.9000000000000003553, 1, 4.9000000000000003553, -0.89187461230350162378, 4.9000000000000003553, 0.28288689853660448081, 4.9000000000000003553, -0.11961915569749748123, 4.9000000000000003553, 0, 4.9000000000000003553, -0.20829212241886091439, 4.9000000000000003553, 0, 4.9000000000000003553, 0.82718119069874807003
5, 1, 5, -0.89187420746238177394, 5, 0.28062013281057929248, 5, -0.1196186440992087624, 5, 0, 5, -0.20828622292194379217, 5, 0, 5, 0.82718383168757825263
5.0999999999999996447, 1, 5.0999999999999996447, -0.89187391301637308771, 5.0999999999999996447, 0.27928493748365212923, 5.0999999999999996447, -0.11961842812086437293, 5.0999999999999996447, 0, 5.0999999999999996447, -0.2082832346286591918, 5.0999999999999996447, 0, 5.0999999999999996447, 0.82718518160204834722
5.2000000000000001776, 1, 5.2000000000000001776, -0.89187374278160558294, 5.2000000000000001776, 0.27856926002693255251, 5.2000000000000001776, -0.11961833008941079315, 5.2000000000000001776, 0, 5.2000000000000001776, -0.20828173084261436543, 5.2000000000000001776, 0, 5.2000000000000001776, 0.82718586391615800402
5.2999999999999998224, 1, 5.2999999999999998224, -0.89187365190982315077, 5.2999999999999998224, 0.27819968044231169202, 5.2999999999999998224, -0.11961828356376696947, 5.2999999999999998224, 0, 5.2999999999999998224, -0.20828097653900801145, 5.2999999999999998224, 0, 5.2999999999999998224, 0.8271862069129140016
5.4000000000000003553, 1, 5.4000000000000003553, -0.89187360503495416442, 5.4000000000000003553, 0.27801199805669152276, 5.4000000000000003553, -0.11961826092363209151, 5.4000000000000003553, 0, 5.4000000000000003553, -0.20828059878438484609, 5.4000000000000003553, 0, 5.4000000000000003553, 0.82718637887134016662
5.5, 1, 5.5, -0.89187358123767901397, 5.5, 0.27791744362304310334, 5.5, -0.1196182497592783861, 5.5, 0, 5.5, -0.208280409756325946, 5.5, 0, 5.5, 0.8271864649655963353
5.5999999999999996447, 1, 5.5999999999999996447, -0.89172477234928548828, 5.5999999999999996447, 0.27787925149900677413, 5.5999999999999996447, -0.11955387830028335605, 5.5999999999999996447, 0, 5.5999999999999996447, -0.20821802292346811014, 5.5999999999999996447, 0, 5.5999999999999996447, 0.82713895377877599824
5.7000000000000001776, 1, 5.7000000000000001776, -0.89168763733727529619, 5.7000000000000001776, 0.27786246675706127718, 5.7000000000000001776, -0.11950562449327185865, 5.7000000000000001776, 0, 5.7000000000000001776, -0.20820238159383758214, 5.7000000000000001776, 0, 5.7000000000000001776, 0.82710332690892296448
5.7999999999999998224, 1, 5.7999999999999998224, -0.89167837263678106918, 5.7999999999999998224, 0.27785465429384675895, 5.7999999999999998224, -0.11947748829715591767, 5.7999999999999998224, 0, 5.7999999999999998224, -0.20819845861228872264, 5.7999999999999998224, 0, 5.7999999999999998224, 0.82708255136350894432
5.9000000000000003553, 1, 5.9000000000000003553, -0.89167606508033392387, 5.9000000000000003553, 0.27785089311626731678, 5.9000000000000003553, -0.11946242190366748726, 5.9000000000000003553, 0, 5.9000000000000003553, -0.20819747214488029674, 5.9000000000000003553, 0, 5.9000000000000003553, 0.82707142603890637655
6, 1, 6, -0.89167549244394528341, 6, 0.27784904878920857474, 6, -0.11945464120866565449, 6, 0, 6, -0.20819722270460491731, 6, 0, 6, 0.82706568052210782671
6.0999999999999996447, 1, 6.0999999999999996447, -0.89167535140768250379, 6.0999999999999996447, 0.27784813569017663415, 6.0999999999999996447, -0.11945069003467051472, 6.0999999999999996447, 0, 6.0999999999999996447, -0.20819715893516607674, 6.0999999999999996447, 0, 6.0999999999999996447, 0.82706276282441038017
6.2000000000000001776, 1, 6.2000000000000001776, -0.89167531720981507704, 6.2000000000000001776, 0.27784768140662347014, 6.2000000000000001776, -0.11944869976652187915, 6.2000000000000001776, 0, 6.2000000000000001776, -0.20819714228826680102, 6.2000000000000001776, 0, 6.2000000000000001776, 0.82706129312896214945
6.2999999999999998224, 1, 6.2999999999999998224, -0.89167530919093385133, 6.2999999999999998224, 0.27784745483131467747, 6.2999999999999998224, -0.11944770122508389931, 6.2999999999999998224, 0, 6.2999999999999998224, -0.2081971377742811713, 6.2999999999999998224, 0, 6.2999999999999998224, 0.82706055576383930017
6.4000000000000003553, 1, 6.4000000000000003553, -0.89167530745150547222, 6.4000000000000003553, 0.27784734168527414067, 6.4000000000000003553, -0.11944720123400957845, 6.4000000000000003553, 0, 6.4000000000000003553, -0.20819713646965490317, 6.4000000000000003553, 0, 6.4000000000000003553, 0.82706018654907142995
6.5, 1, 6.5, -0.89167530714929432722, 6.5, 0.27784728514765694163, 6.5, -0.11944695112412927196, 6.5, 0, 6.5, -0.20819713605543338497, 6.5, 0, 6.5, 0.82706000185720929263
6.5999999999999996447, 1, 6.5999999999999996447, -0.89167530714006448811, 6.5999999999999996447, 0.27784725688769901231, 6.5999999999999996447, -0.11944682607347646697, 6.5999999999999996447, 0, 6.5999999999999996447, -0.20819713590784558188, 6.5999999999999996447, 0, 6.5999999999999996447, 0.82705990951444585679
6.7000000000000001776, 1, 6.7000000000000001776, -0.89167530717091847414, 6.7000000000000001776, 0.27784724275993277764, 6.7000000000000001776, -0.11944676356565851749, 6.7000000000000001776, 0, 6.7000000000000001776, -0.20819713584893240199, 6.7000000000000001776, 0, 6.7000000000000001776, 0.8270598633559996804
6.7999999999999998224, 1, 6.7999999999999998224, -0.89167530719521270743, 6.7999999999999998224, 0.27784723569660285669, 6.7999999999999998224, -0.11944673232434498134, 6.7999999999999998224, 0, 6.7999999999999998224, -0.20819713582319596124, 6.7999999999999998224, 0, 6.7999999999999998224, 0.82705984028608214853
6.9000000000000003553, 1, 6.9000000000000003553, -0.89167530720957655088, 6.9000000000000003553, 0.27784723216507617449, 6.9000000000000003553, -0.11944671671094614362, 6.9000000000000003553, 0, 6.9000000000000003553, -0.20819713581125778856, 6.9000000000000003553, 0, 6.9000000000000003553, 0.82705982875648553776
7, 1, 7, -0.89167530721731280696, 7, 0.2778472303993474446, 7, -0.11944670890811587283, 7, 0, 7, -0.20819713580552123844, 7, 0, 7, 0.82705982299454583462
7.0999999999999996447, 1, 7.0999999999999996447, -0.89167530722131949084, 7.0999999999999996447, 0.27784722951649171163, 7.0999999999999996447, -0.11944670500869529473, 7.0999999999999996447, 0, 7.0999999999999996447, -0.20819713580271109743, 7.0999999999999996447, 0, 7.0999999999999996447, 0.82705982011504963758
7.2000000000000001776, 1, 7.2000000000000001776, -0.89167530722335741622, 7.2000000000000001776, 0.27784722907506598233, 7.2000000000000001776, -0.11944670305999734172, 7.2000000000000001776, 0, 7.2000000000000001776, -0.20819713580132054309, 7.2000000000000001776, 0, 7.2000000000000001776, 0.82705981867604938529
7.2999999999999998224, 1, 7.2999999999999998224, -0.89167530722438514967, 7.2999999999999998224, 0.27784722885435358952, 7.2999999999999998224, -0.11944670208615822127, 7.2999999999999998224, 0, 7.2999999999999998224, -0.20819713580062895741, 7.2999999999999998224, 0, 7.2999999999999998224, 0.82705981795692606884
7.4000000000000003553, 1, 7.4000000000000003553, -0.89167530722490118134, 7.4000000000000003553, 0.2778472287439975319, 7.4000000000000003553, -0.11944670159949458133, 7.4000000000000003553, 0, 7.4000000000000003553, -0.20819713580028409439, 7.4000000000000003553, 0, 7.4000000000000003553, 0.82705981759755353711
7.5, 1, 7.5, -0.89167530722515964126, 7.5, 0.2778472286888195586, 7.5, -0.11944670135629091579, 7.5, 0, 7.5, -0.20819713580011187104, 7.5, 0, 7.5, 0.82705981741796197326
7.5999999999999996447, 1, 7.5999999999999996447, -0.89167530722528909326, 7.5999999999999996447, 0.27784722866123062746, 7.5999999999999996447, -0.11944670123475326085, 7.5999999999999996447, 0, 7.5999999999999996447, -0.20819713580002582876, 7.5999999999999996447, 0, 7.5999999999999996447, 0.82705981732821354235
7.7000000000000001776, 1, 7.7000000000000001776, -0.89167530722535381926, 7.7000000000000001776, 0.27784722864743616189, 7.7000000000000001776, -0.11944670117401648413, 7.7000000000000001776, 0, 7.7000000000000001776, -0.20819713579998277986, 7.7000000000000001776, 0, 7.7000000000000001776, 0.82705981728336297465
7.7999999999999998224, 1, 7.7999999999999998224, -0.89167530722538623777, 7.7999999999999998224, 0.27784722864053890135, 7.7999999999999998224, -0.11944670114366420788, 7.7999999999999998224, 0, 7.7999999999999998224, -0.20819713579996126929, 7.7999999999999998224, 0, 7.7999999999999998224, 0.82705981726094968121
7.9000000000000003553, 1, 7.9000000000000003553, -0.89167530722540233601, 7.9000000000000003553, 0.27784722863709032659, 7.9000000000000003553, -0.11944670112849606336, 7.9000000000000003553, 0, 7.9000000000000003553, -0.20819713579995050012, 7.9000000000000003553, 0, 7.9000000000000003553, 0.82705981724974886315
8, 1, 8, -0.89167530722541044064, 8, 0.2778472286353659837, 8, -0.11944670112091597403, 8, 0, 8, -0.20819713579994508779, 8, 0, 8, 0.82705981724415145173
8.0999999999999996447, 1, 8.0999999999999996447, -0.89167530722541443744, 8.0999999999999996447, 0.27784722863450384001, 8.0999999999999996447, -0.11944670111712792082, 8.0999999999999996447, 0, 8.0999999999999996447, -0.2081971357999423955, 8.0999999999999996447, 0, 8.0999999999999996447, 0.8270598172413541338
8.1999999999999992895, 1, 8.1999999999999992895, -0.89167530722541632482, 8.1999999999999992895, 0.27784722863407274041, 8.1999999999999992895, -0.11944670111523483791, 8.1999999999999992895, 0, 8.1999999999999992895, -0.20819713579994100772, 8.1999999999999992895, 0, 8.1999999999999992895, 0.82705981723995614097
8.3000000000000007105, 1, 8.3000000000000007105, -0.89167530722541732402, 8.3000000000000007105, 0.27784722863385719061, 8.3000000000000007105, -0.11944670111428881687, 8.3000000000000007105, 0, 8.3000000000000007105, -0.20819713579994036934, 8.3000000000000007105, 0, 8.3000000000000007105, 0.82705981723925747762
8.4000000000000003553, 1, 8.4000000000000003553, -0.89167530722541776811, 8.4000000000000003553, 0.27784722863374944346, 8.4000000000000003553, -0.11944670111381598676, 8.4000000000000003553, 0, 8.4000000000000003553, -0.20819713579994000852, 8.4000000000000003553, 0, 8.4000000000000003553, 0.8270598172389084235
8.5, 1, 8.5, -0.89167530722541799015, 8.5, 0.27784722863369559764, 8.5, -0.11944670111357971742, 8.5, 0, 8.5, -0.20819713579993981423, 8.5, 0, 8.5, 0.82705981723873400746
8.5999999999999996447, 1, 8.5999999999999996447, -0.89167530722541799015, 8.5999999999999996447, 0.27784722863366861922, 8.5999999999999996447, -0.11944670111346160357, 8.5999999999999996447, 0, 8.5999999999999996447, -0.20819713579993973096, 8.5999999999999996447, 0, 8.5999999999999996447, 0.82705981723864674393
8.6999999999999992895, 1, 8.6999999999999992895, -0.89167530722541810118, 8.6999999999999992895, 0.27784722863365518553, 8.6999999999999992895, -0.11944670111340258134, 8.6999999999999992895, 0, 8.6999999999999992895, -0.2081971357999397032, 8.6999999999999992895, 0, 8.6999999999999992895, 0.82705981723860311217
8.8000000000000007105, 1, 8.8000000000000007105, -0.89167530722541810118, 8.8000000000000007105, 0.27784722863364841317, 8.8000000000000007105, -0.11944670111337304941, 8.8000000000000007105, 0, 8.8000000000000007105, -0.2081971357999397032, 8.8000000000000007105, 0, 8.8000000000000007105, 0.82705981723858135179
8.9000000000000003553, 1, 8.9000000000000003553, -0.89167530722541810118, 8.9000000000000003553, 0.2778472286336450825, 8.9000000000000003553, -0.11944670111335828344, 8.9000000000000003553, 0, 8.9000000000000003553, -0.20819713579993967545, 8.9000000000000003553, 0, 8.9000000000000003553, 0.82705981723857058263
9, 1, 9, -0.8916753072254182122, 9, 0.27784722863364336165, 9, -0.11944670111335096985, 9, 3.590997587859735133e-17, 9, -0.20819713579993967545, 9, 3.590997587859735133e-17, 9, 0.82705981723856514254
9.0999999999999996447, 1, 9.0999999999999996447, -0.8916753072254182122, 9.0999999999999996447, 0.27784722863364258449, 9.0999999999999996447, -0.11944670111334729223, 9.0999999999999996447, 2.3230041874457161053e-17, 9.0999999999999996447, -0.20819713579993964769, 9.0999999999999996447, 2.3230041874457161053e-17, 9.0999999999999996447, 0.82705981723856236698
9.1999999999999992895, 1, 9.1999999999999992895, -0.89167530722541810118, 9.1999999999999992895, 0.27784722863364214041, 9.1999999999999992895, -0.11944670111334543261, 9.1999999999999992895, 1.4725532286224316354e-17, 9.1999999999999992895, -0.20819713579993959218, 9.1999999999999992895, 1.4725532286224316354e-17, 9.1999999999999992895, 0.82705981723856103471
9.3000000000000007105, 1, 9.3000000000000007105, -0.8916753072254182122, 9.3000000000000007105, 0.27784722863364186285, 9.3000000000000007105, -0.11944670111334453055, 9.3000000000000007105, 1.4725532286224316354e-17, 9.3000000000000007105, -0.20819713579993961994, 9.3000000000000007105, 1.4725532286224316354e-17, 9.3000000000000007105, 0.82705981723856036858
9.4000000000000003553, 1, 9.4000000000000003553, -0.89167530722541832322, 9.4000000000000003553, 0.27784722863364175183, 9.4000000000000003553, -0.1194467011133441281, 9.4000000000000003553, 6.4674868479331060132e-17, 9.4000000000000003553, -0.20819713579993961994, 9.4000000000000003553, 6.4674868479331060132e-17, 9.4000000000000003553, 0.82705981723856003551
9.5, 1, 9.5, -0.89167530722541832322, 9.5, 0.27784722863364175183, 9.5, -0.11944670111334397544, 9.5, 3.5578300221032879562e-17, 9.5, -0.20819713579993961994, 9.5, 3.5578300221032879562e-17, 9.5, 0.82705981723855992449
9.5999999999999996447, 1, 9.5999999999999996447, -0.89167530722541832322, 9.5999999999999996447, 0.27784722863364175183, 9.5999999999999996447, -0.1194467011133438783, 9.5999999999999996447, 3.5769870598557060571e-17, 9.5999999999999996447, -0.20819713579993961994, 9.5999999999999996447, 3.5769870598557060571e-17, 9.5999999999999996447, 0.82705981723855981347
9.6999999999999992895, 1, 9.6999999999999992895, -0.89167530722541832322, 9.6999999999999992895, 0.27784722863364175183, 9.6999999999999992895, -0.11944670111334382279, 9.6999999999999992895, 8.6304661006206041315e-17, 9.6999999999999992895, -0.20819713579993961994, 9.6999999999999992895, 8.6304661006206041315e-17, 9.6999999999999992895, 0.82705981723855981347
9.8000000000000007105, 1, 9.8000000000000007105, -0.89167530722541832322, 9.8000000000000007105, 0.27784722863364175183, 9.8000000000000007105, -0.11944670111334376728, 9.8000000000000007105, 8.6011933898934930536e-17, 9.8000000000000007105, -0.20819713579993961994, 9.8000000000000007105, 8.6011933898934930536e-17, 9.8000000000000007105, 0.82705981723855981347
9.9000000000000003553, 1, 9.9000000000000003553, -0.89167530722541832322, 9.9000000000000003553, 0.27784722863364175183, 9.9000000000000003553, -0.11944670111334376728, 9.9000000000000003553, 8.5719206791663819756e-17, 9.9000000000000003553, -0.20819713579993961994, 9.9000000000000003553, 8.5719206791663819756e-17, 9.9000000000000003553, 0.82705981723855981347
10, 1, 10, -0.89167530722541832322, 10, 0.27784722863364175183, 10, -0.11944670111334376728, 10, 8.5426479684392708976e-17, 10, -0.20819713579993961994, 10, 8.5426479684392708976e-17, 10, 0.82705981723855981347
10.099999999999999645, 1, 10.099999999999999645, -0.89167530722541832322, 10.099999999999999645, 0.27784722863364175183, 10.099999999999999645, -0.11944670111334376728, 10.099999999999999645, 8.5133752577121598197e-17, 10.099999999999999645, -0.20819713579993961994, 10.099999999999999645, 8.5133752577121598197e-17, 10.099999999999999645, 0.82705981723855981347
10.199999999999999289, 1, 10.199999999999999289, -0.89167530722541832322, 10.199999999999999289, 0.27784722863364175183, 10.199999999999999289, -0.11944670111334376728, 10.199999999999999289, 8.4841025469850487417e-17, 10.199999999999999289, -0.20819713579993961994, 10.199999999999999289, 8.4841025469850487417e-17, 10.199999999999999289, 0.82705981723855981347
10.300000000000000711, 1, 10.300000000000000711, -0.89167530722541832322, 10.300000000000000711, 0.27784722863364175183, 10.300000000000000711, -0.11944670111334376728, 10.300000000000000711, 8.4548298362579376637e-17, 10.300000000000000711, -0.20819713579993961994, 10.300000000000000711, 8.4548298362579376637e-17, 10.300000000000000711, 0.82705981723855981347
10.400000000000000355, 1, 10.400000000000000355, -0.89167530722541832322, 10.400000000000000355, 0.2779145034532534142, 10.400000000000000355, -0.11944670111334376728, 10.400000000000000355, 8.4255571255308265858e-17, 10.400000000000000355, -0.20819713579993961994, 10.400000000000000355, 8.4255571255308265858e-17, 10.400000000000000355, 0.82705981723855981347
10.5, 1, 10.5, -0.89140577370496942855, 10.5, 0.27883322006975708174, 10.5, -0.11932999835573093739, 10.5, 6.6552749396046638531e-17, 10.5, -0.2080840550110895637, 10.5, 6.6552749396046638531e-17, 10.5, 0.82697359592825847585
10.599999999999999645, 1, 10.599999999999999645, -0.88753908825733895949, 10.599999999999999645, 0.2813784401148081149, 10.599999999999999645, -0.11758613026661217382, 10.599999999999999645, -4.2934270569172723885e-18, 10.599999999999999645, -0.20645698404231035972, 10.599999999999999645, -4.2934270569172723885e-18, 10.599999999999999645, 0.82568520656444122086
10.699999999999999289, 1, 10.699999999999999289, -0.87250850251840839089, 10.699999999999999289, 0.28052273035117586408, 10.699999999999999289, -0.10995368876448417816, 10.699999999999999289, -1.5507536332844709843e-17, 10.699999999999999289, -0.19984860890234543152, 10.699999999999999289, -1.5507536332844709843e-17, 10.699999999999999289, 0.8200462729130615358
10.800000000000000711, 1, 10.800000000000000711, -0.82311264047421472956, 10.800000000000000711, 0.20627300029333195397, 10.800000000000000711, -0.081175042340843231448, 10.800000000000000711, -3.7273629731138878771e-17, 10.800000000000000711, -0.17436431080308503749, 10.800000000000000711, -3.7273629731138878771e-17, 10.800000000000000711, 0.80009759597753471461
10.900000000000000355, 1, 10.900000000000000355, -0.6764950299123448918, 10.900000000000000355, -0.23359388024517402371, 10.900000000000000355, 0.042562926410330770288, 10.900000000000000355, -3.8144273467070645035e-17, 10.900000000000000355, -0.055138285952150839497, 10.900000000000000355, -3.8144273467070645035e-17, 10.900000000000000355, 0.73641051084730768661
11, 1, 11, -0.5920047488328672447, 11, -0.59123485723572699602, 11, 0.21337558928033159567, 11, -3.8180550289401140175e-17, 11, 0.30215538724365964551, 11, -3.8180550289401140175e-17, 11, 0.74920309326573597541
11.099999999999999645, 1, 11.099999999999999645, -0.81514463509573198419, 11.099999999999999645, -0.54889487954111049195, 11.099999999999999645, 0.29973297511701307849, 11.099999999999999645, -3.8182127542545941096e-17, 11.099999999999999645, 0.47334594319273559648, 11.099999999999999645, -3.8182127542545941096e-17, 11.099999999999999645, 0.83155650217265364432
11.199999999999999289, 1, 11.199999999999999289, -0.90968293245329701069, 11.199999999999999289, -0.54088512813748745867, 11.199999999999999289, 0.31723407171664741444, 11.199999999999999289, -3.8182199235870707015e-17, 11.199999999999999289, 0.41535928011815953509, 11.199999999999999289, -3.8182199235870707015e-17, 11.199999999999999289, 0.89089524815994658447
11.300000000000000711, 1, 11.300000000000000711, -0.91136693614560293497, 11.300000000000000711, -0.54057253421086726153, 11.300000000000000711, 0.31529699728267468473, 11.300000000000000711, -3.8182202649838554186e-17, 11.300000000000000711, 0.4115948343949139554, 11.300000000000000711, -3.8182202649838554186e-17, 11.300000000000000711, 0.91795210325555387509
11.400000000000000355, 1, 11.400000000000000355, -0.91141680706341798857, 11.400000000000000355, -0.54056289347312391769, 11.400000000000000355, 0.31143330073114711132, 11.400000000000000355, -3.8182202820536948393e-17, 11.400000000000000355, 0.41148439071527875832, 11.400000000000000355, -3.8182202820536948393e-17, 11.400000000000000355, 0.92852805252925307844
11.5, 1, 11.5, -0.91141831667753070434, 11.5, -0.54056258671822488004, 11.5, 0.30861346278288148692, 11.5, -3.8182202829521075701e-17, 11.5, 0.41148104698114151834, 11.5, -3.8182202829521075701e-17, 11.5, 0.93227890137773983259
11.599999999999999645, 1, 11.599999999999999645, -0.911418363807156795, 11.599999999999999645, -0.54056257663697537819, 11.599999999999999645, 0.30679130600746390423, 11.599999999999999645, -3.8182202830020196624e-17, 11.599999999999999645, 0.4114809425904012441, 11.599999999999999645, -3.8182202830020196624e-17, 11.599999999999999645, 0.93328007234479981591
11.699999999999999289, 1, 11.699999999999999289, -0.91141836532594977527, 11.699999999999999289, -0.54056257629440518375, 11.699999999999999289, 0.30558169564265197371, 11.699999999999999289, -3.8182202830049557041e-17, 11.699999999999999289, 0.41148093922631917563, 11.699999999999999289, -3.8182202830049557041e-17, 11.699999999999999289, 0.93312402573133501615
11.800000000000000711, 1, 11.800000000000000711, -0.91141836537652398675, 11.800000000000000711, -0.54056257628235471202, 11.800000000000000711, 0.30469330545617934192, 11.800000000000000711, -3.8182202830051393608e-17, 11.800000000000000711, 0.41148093911429878267, 11.800000000000000711, -3.8182202830051393608e-17, 11.800000000000000711, 0.93242851824380168502
11.900000000000000355, 1, 11.900000000000000355, -0.9114183653782660377, 11.900000000000000355, -0.54056257628191539677, 11.900000000000000355, 0.30394713691729580152, 11.900000000000000355, -3.818220283005152303e-17, 11.900000000000000355, 0.41148093911044014703, 11.900000000000000355, -3.818220283005152303e-17, 11.900000000000000355, 0.9314330122215560559
12, 1, 12, -0.91141836537832798815, 12, -0.54056257628189874342, 12, 0.30323850202293084477, 12, -3.8182202830051535356e-17, 12, 0.41148093911030242387, 12, -3.8182202830051535356e-17, 12, 0.93022594105772793416
12.099999999999999645, 1, 12.099999999999999645, -0.91141836537833043064, 12.099999999999999645, -0.54056257628189807729, 12.099999999999999645, 0.3025046294368137767, 12.099999999999999645, -3.8182202830051541519e-17, 12.099999999999999645, 0.41148093911029731684, 12.099999999999999645, -3.8182202830051541519e-17, 12.099999999999999645, 0.92883207313219096068
12.199999999999999289, 1, 12.199999999999999289, -0.91141836537833054166, 12.199999999999999289, -0.54056257628189807729, 12.199999999999999289, 0.30170400306096822884, 12.199999999999999289, -3.8182202830051541519e-17, 12.199999999999999289, 0.41148093911029715031, 12.199999999999999289, -3.8182202830051541519e-17, 12.199999999999999289, 0.92724669503135548343
12.300000000000000711, 1, 12.300000000000000711, -0.91141836537833054166, 12.300000000000000711, -0.54056257628189807729, 12.300000000000000711, 0.30080415037393365418, 12.300000000000000711, -3.8182202830051541519e-17, 12.300000000000000711, 0.41148093911029715031, 12.300000000000000711, -3.8182202830051541519e-17, 12.300000000000000711, 0.92544897290736194417
12.400000000000000355, 0.99999999999999911182, 12.400000000000000355, -0.91141836537833043064, 12.400000000000000355, -0.54056257628189796627, 12.400000000000000355, 0.2997743444832954296, 12.400000000000000355, -3.8182202830051492215e-17, 12.400000000000000355, 0.4114809391102970948, 12.400000000000000355, -3.8182202830051492215e-17, 12.400000000000000355, 0.92340676295736612289
12.5, 0.90213067612474950874, 12.5, -0.91141836537833054166, 12.5, -0.54056257628189807729, 12.5, 0.26310875417015661126, 12.5, -0.0034339174256980201094, 12.5, 0.41148093911029720582, 12.5, -0.0034339174256980201094, 12.5, 0.95289328732622291529
12.599999999999999645, 0.81709480300539383268, 12.599999999999999645, -0.91141836537833054166, 12.599999999999999645, -0.54056257628189796627, 12.599999999999999645, 0.20574827439218568159, 12.599999999999999645, -0.02755094556474756845, 12.599999999999999645, 0.41148093911029720582, 12.599999999999999645, -0.02755094556474756845, 12.599999999999999645, 0.97915058606534843832
12.699999999999999289, 0.74569589750033093978, 12.699999999999999289, -0.91141836537833031961, 12.699999999999999289, -0.54056257628189796627, 12.699999999999999289, 0.16267843803094814148, 12.699999999999999289, -0.057529515175232956437, 12.699999999999999289, 0.41148093911029715031, 12.699999999999999289, -0.057529515175232956437, 12.699999999999999289, 0.98667914024763447856
12.800000000000000711, 0.68472559692058743153, 12.800000000000000711, -0.91141836537833031961, 12.800000000000000711, -0.54056257628189785525, 12.800000000000000711, 0.16075247948048465574, 12.800000000000000711, -0.088198848578816296806, 12.800000000000000711, 0.41148093911029720582, 12.800000000000000711, -0.088198848578816296806, 12.800000000000000711, 0.98699475193178032306
12.900000000000000355, 0.63185769569804250967, 12.900000000000000355, -0.91141836537833043064, 12.900000000000000355, -0.54056257628189785525, 12.900000000000000355, 0.16066247499485980521, 12.900000000000000355, -0.11742155832485229316, 12.900000000000000355, 0.41148093911029726133, 12.900000000000000355, -0.11742155832485229316, 12.900000000000000355, 0.98700940680852988773
13, 0.58556807893681805943, 13, -0.91141836537833043064, 13, -0.54056257628189785525, 13, 0.16065806341563926285, 13, -0.14435295138228060319, 13, 0.41148093911029731684, 13, -0.14435295138228060319, 13, 0.98701012490224038221
13.099999999999999645, 0.52319511041867128309, 13.099999999999999645, -0.91141836537833043064, 13.099999999999999645, -0.54056257628189774422, 13.099999999999999645, 0.16065783603839334237, 13.099999999999999645, -0.1739106956277663707, 13.099999999999999645, 0.41148093911029737235, 13.099999999999999645, -0.1739106956277663707, 13.099999999999999645, 0.9870101619129666437
13.199999999999999289, 0.41671716862515872926, 13.199999999999999289, -0.91141836537833043064, 13.199999999999999289, -0.5405625762818976332, 13.199999999999999289, 0.16065782368229952759, 13.199999999999999289, -0.19295585880876633955, 13.199999999999999289, 0.41148093911029737235, 13.199999999999999289, -0.19295585880876633955, 13.199999999999999289, 0.98701016392419538281
13.300000000000000711, 0.27948983169888580447, 13.300000000000000711, -0.91141836537833031961, 13.300000000000000711, -0.5405625762818976332, 13.300000000000000711, 0.16065782297226216535, 13.300000000000000711, -0.16106750932193786285, 13.300000000000000711, 0.41148093911029737235, 13.300000000000000711, -0.16106750932193786285, 13.300000000000000711, 0.98701016403976982172
13.400000000000000355, 0.17318915872756596164, 13.400000000000000355, -0.91141836537833020859, 13.400000000000000355, -0.54056257628189752218, 13.400000000000000355, 0.16065782292897257122, 13.400000000000000355, -0.06354885502762697147, 13.400000000000000355, 0.41148093911029742786, 13.400000000000000355, -0.06354885502762697147, 13.400000000000000355, 0.98701016404681607419
13.5, 0.14370769791387771885, 13.5, -0.91141836537833031961, 13.5, -0.54056257628189752218, 13.5, 0.16065782292616193061, 13.5, 0.037886065851747224853, 13.5, 0.4114809391102975944, 13.5, 0.037886065851747224853, 13.5, 0.9870101640472735971
13.599999999999999645, 0.15490941899360494149, 13.599999999999999645, -0.91141836537833020859, 13.599999999999999645, -0.54056257628189752218, 13.599999999999999645, 0.16065782292596680891, 13.599999999999999645, 0.087494275329839443778, 13.599999999999999645, 0.41148093911029753889, 13.599999999999999645, 0.087494275329839443778, 13.599999999999999645, 0.9870101640473054605
13.699999999999999289, 0.16696399061379241235, 13.699999999999999289, -0.91141836537833031961, 13.699999999999999289, -0.50965674082569134562, 13.699999999999999289, 0.16065782292595226499, 13.699999999999999289, 0.096235671241246587004, 13.699999999999999289, 0.41148093911029764991, 13.699999999999999289, 0.096235671241246587004, 13.699999999999999289, 0.98701016404730779197
13.800000000000000711, 0.19301296876792223278, 13.800000000000000711, -0.91141836537833031961, 13.800000000000000711, -0.4556004831975015712, 13.800000000000000711, 0.16065782292595109926, 13.800000000000000711, 0.090241995366495297848, 13.800000000000000711, 0.41148093911029753889, 13.800000000000000711, 0.090241995366495297848, 13.800000000000000711, 0.98701016404730801401
13.900000000000000355, 0.17747548748225128179, 13.900000000000000355, -0.82309947594314092356, 13.900000000000000355, -0.40463480911493243664, 13.900000000000000355, 0.16065782292595098824, 13.900000000000000355, 0.080835464281489188831, 13.900000000000000355, 0.37160733007797919214, 13.900000000000000355, 0.080835464281489188831, 13.900000000000000355, 0.98701016404730801401
14, 0.17747548748225128179, 14, -0.73195763940530778058, 14, -0.35907476079518230172, 14, 0.16065782292595090497, 14, 0.080835464281489188831, 14, 0.3304592361669494438, 14, 0.080835464281489188831, 14, 0.98701016404730790299
14.099999999999999645, 0.14042664185723374715, 14.099999999999999645, -0.64964769181099413231, 14.099999999999999645, -0.31861127988368903585, 14.099999999999999645, 0.15105102085042243498, 14.099999999999999645, 0.063727718316690745715, 14.099999999999999645, 0.29329850315915151349, 14.099999999999999645, 0.063727718316690745715, 14.099999999999999645, 0.92799024755741665871
14.199999999999999289, 0.1226790931090082637, 14.199999999999999289, -0.57645192787046362071, 14.199999999999999289, -0.28270380380417081678, 14.199999999999999289, 0.13498523855782734726, 14.199999999999999289, 0.055644171888541829607, 14.199999999999999289, 0.26025257954245656355, 14.199999999999999289, 0.055644171888541829607, 14.199999999999999289, 0.82928923115268560196
14.300000000000000711, 0.10863642892328506662, 14.300000000000000711, -0.51148715868936456275, 14.300000000000000711, -0.25084267581580188544, 14.300000000000000711, 0.11988013647278510099, 14.300000000000000711, 0.049271400056872756423, 14.300000000000000711, 0.23092272922654141776, 14.300000000000000711, 0.049271400056872756423, 14.300000000000000711, 0.73649020639694384727
14.400000000000000355, 0.096368519612384240247, 14.400000000000000355, -0.4538419659023178454, 14.400000000000000355, -0.22257229543538481487, 14.400000000000000355, 0.10638161261700236626, 14.400000000000000355, 0.043706982868018572075, 14.400000000000000355, 0.20489747127229576695, 14.400000000000000355, 0.043706982868018572075, 14.400000000000000355, 0.65356128328167528707
14.5, 0.085504876720055911221, 14.5, -0.4026932500333817444, 14.5, -0.19748802785380462077, 14.5, 0.094393598969723851999, 14.5, 0.038779842862331298514, 14.5, 0.1818051983496416224, 14.5, 0.038779842862331298514, 14.5, 0.57991226264198125762
14.599999999999999645, 0.075868024758817043107, 14.599999999999999645, -0.35730905344315022631, 14.599999999999999645, -0.17523079831026613928, 14.599999999999999645, 0.083755437708023613985, 14.599999999999999645, 0.034409144575529439225, 14.599999999999999645, 0.16131545122241203183, 14.599999999999999645, 0.034409144575529439225, 14.599999999999999645, 0.51455613431381408418
14.699999999999999289, 0.067317537086811540803, 14.699999999999999289, -0.31703972843981187424, 14.699999999999999289, -0.15548199552488567443, 14.699999999999999289, 0.074316077811051234336, 14.699999999999999289, 0.030531160289296310761, 14.699999999999999289, 0.14313493138744787236, 14.699999999999999289, 0.030531160289296310761, 14.699999999999999289, 0.45656490804961613605
14.800000000000000711, 0.059730734610929481221, 14.800000000000000711, -0.28130882309549676279, 14.800000000000000711, -0.13795891569385906883, 14.800000000000000711, 0.065940534040248868775, 14.800000000000000711, 0.027090245831743367533, 14.800000000000000711, 0.12700338626520665808, 14.800000000000000711, 0.027090245831743367533, 14.800000000000000711, 0.40510929461823508291
14.900000000000000355, 0.052998980902247971869, 14.900000000000000355, -0.24960485025151513128, 14.900000000000000355, -0.12241071614137050139, 14.900000000000000355, 0.058508926259143743953, 14.900000000000000355, 0.024037129802813736457, 14.900000000000000355, 0.11268989312646186807, 14.900000000000000355, 0.024037129802813736457, 14.900000000000000355, 0.35945280381327382457
15, 0.047025907441154757294, 15, -0.22147396794196527736, 15, -0.10861482457198459728, 15, 0.051914872855118858463, 15, 0.021328105219639400397, 15, 0.09998955449994120781, 15, 0.021328105219639400397, 15, 0.31894187435145049392
15.099999999999999645, 0.041726009350929516017, 15.099999999999999645, -0.1965134829168135866, 15.099999999999999645, -0.096373752957847544365, 15.099999999999999645, 0.04606398022920448615, 15.099999999999999645, 0.01892439223935802467, 15.099999999999999645, 0.088720565187295014065, 15.099999999999999645, 0.01892439223935802467, 15.099999999999999645, 0.28299659397012355555
15.199999999999999289, 0.037023418606813685017, 15.199999999999999289, -0.17436608612261750295, 15.199999999999999289, -0.085512270500649079086, 15.199999999999999289, 0.04087249294369259961, 15.199999999999999289, 0.016791581717394084977, 15.199999999999999289, 0.078721609737300884957, 15.199999999999999289, 0.016791581717394084977, 15.199999999999999289, 0.25110240653497850616
15.300000000000000711, 0.032850817671720378144, 15.300000000000000711, -0.15471473783093614429, 15.300000000000000711, -0.07587489520486431771, 15.300000000000000711, 0.036266094920772151688, 15.300000000000000711, 0.014899142493458281816, 15.300000000000000711, 0.069849553218571377999, 15.300000000000000711, 0.014899142493458281816, 15.300000000000000711, 0.22280274713796632824
15.400000000000000355, 0.029148475811038743188, 15.400000000000000355, -0.13727812921867421636, 15.400000000000000355, -0.067323668154799412577, 15.400000000000000355, 0.032178845626402892421, 15.400000000000000355, 0.013219984321718872625, 15.400000000000000355, 0.061977392244841292279, 15.400000000000000355, 0.013219984321718872625, 15.400000000000000355, 0.19769250648446856644
15.5, 0.025863394043867060645, 15.5, -0.12180665543558077957, 15.5, -0.059736178634312978031, 15.5, 0.028552236134325677253, 15.5, 0.011730070072373043749, 15.5, 0.054992436922984153091, 15.5, 0.011730070072373043749, 15.5, 0.17541223177067166716
15.599999999999999645, 0.02294854646276345278, 15.599999999999999645, -0.10807884251371291384, 15.599999999999999645, -0.053003811818833033997, 15.599999999999999645, 0.02533435157168538801, 15.599999999999999645, 0.010408071640201157354, 15.599999999999999645, 0.0487946976985000197, 15.599999999999999645, 0.010408071640201157354, 15.599999999999999645, 0.15564298112222463288
15.699999999999999289, 0.020362207058377101987, 15.699999999999999289, -0.095898176970155013521, 15.699999999999999289, -0.047030193955401734807, 15.699999999999999289, 0.022479127958252818897, 15.699999999999999289, 0.0092350646329638526322, 15.699999999999999289, 0.043295454006201605779, 15.699999999999999289, 0.0092350646329638526322, 15.699999999999999289, 0.1381017579451571109
15.800000000000000711, 0.018067352412100667891, 15.800000000000000711, -0.085090292718783544501, 15.800000000000000711, -0.041729812773518434876, 15.800000000000000711, 0.019945692801084279749, 15.800000000000000711, 0.0081942574689437362029, 15.800000000000000711, 0.038415984236351605197, 15.800000000000000711, 0.0081942574689437362029, 15.800000000000000711, 0.12253745983293473643
15.900000000000000355, 0.016031131706262691239, 15.900000000000000355, -0.07550047502176759906, 15.900000000000000355, -0.03702679337797826209, 15.900000000000000355, 0.01769778000525899786, 15.900000000000000355, 0.0072707510056473512866, 15.900000000000000355, 0.034086438835731446007, 15.900000000000000355, 0.0072707510056473512866, 15.900000000000000355, 0.10872728403841946943
16, 0.014224396465052357996, 16, -0.06699144574988924461, 16, -0.03285381210062641999, 16, 0.015703210725150570232, 16, 0.0064513252587529773194, 16, 0.030244840412096286181, 16, 0.0064513252587529773194, 16, 0.096473538055126262236
16.100000000000001421, 0.012621283294426355326, 16.100000000000001421, -0.059441398247712662339, 16.100000000000001421, -0.029151132762828595169, 16.100000000000001421, 0.013933432724624670099, 16.100000000000001421, 0.0057242501581882421907, 16.100000000000001421, 0.02683619652852314158, 16.100000000000001421, 0.0057242501581882421907, 16.100000000000001421, 0.085600809651284137658
16.199999999999999289, 0.011198843647921563615, 16.199999999999999289, -0.052742253672724004332, 16.199999999999999289, -0.025865751552765953863, 16.199999999999999289, 0.012363111652109612382, 16.199999999999999289, 0.005079117632312944372, 16.199999999999999289, 0.023811712487313514697, 16.199999999999999289, 0.005079117632312944372, 16.199999999999999289, 0.075953455845771955524
16.300000000000000711, 0.009936715318478839265, 16.300000000000000711, -0.046798113847952294009, 16.300000000000000711, -0.022950638276483095734, 16.300000000000000711, 0.010969768379647144851, 16.300000000000000711, 0.004506692616494120153, 16.300000000000000711, 0.021128092834461199151, 16.300000000000000711, 0.004506692616494120153, 16.300000000000000711, 0.067393374880643897029
16.399999999999998579, 0.0088168309536866829035, 16.399999999999998579, -0.041523888480679893576, 16.399999999999998579, -0.020364063121206501389, 16.399999999999998579, 0.0097334572144361832663, 16.399999999999998579, 0.0039987808532628253688, 16.399999999999998579, 0.018746921585729846293, 16.399999999999998579, 0.0039987808532628253688, 16.399999999999998579, 0.059798029296066701477
16.5, 0.0078231594218385325235, 16.5, -0.036844077095884664175, 16.5, -0.018068999293558190428, 16.5, 0.0086364803764714687812, 16.5, 0.0035481115916134132668, 16.5, 0.016634112302283725338, 16.5, 0.0035481115916134132668, 16.5, 0.05305869180800204532
16.600000000000001421, 0.0069414763264701306866, 16.600000000000001421, -0.032691688247816763635, 16.600000000000001421, -0.016032592981437540636, 16.600000000000001421, 0.0076631346550278499341, 16.600000000000001421, 0.0031482335062871305564, 16.600000000000001421, 0.014759420143710740014, 16.600000000000001421, 0.0031482335062871305564, 16.600000000000001421, 0.047078888878395730444
16.699999999999999289, 0.0061591603842865438878, 16.699999999999999289, -0.0290072805382282084, 16.699999999999999289, -0.01422569305208172194, 16.699999999999999289, 0.0067994866173807025356, 16.699999999999999289, 0.0027934223471257893165, 16.699999999999999289, 0.013096008913482367134, 16.699999999999999289, 0.0027934223471257893165, 16.699999999999999289, 0.04177301969759561473
16.800000000000000711, 0.0054650127516397972727, 16.800000000000000711, -0.025738111713446087947, 16.800000000000000711, -0.012622433753937968223, 16.800000000000000711, 0.0060331731518779175422, 16.800000000000000711, 0.0024785989964970760874, 16.800000000000000711, 0.011620066899111292438, 16.800000000000000711, 0.0024785989964970760874, 16.800000000000000711, 0.037065130809756041685
16.899999999999998579, 0.0048490967132108764304, 16.899999999999998579, -0.022837383659623178289, 16.899999999999998579, -0.011199864448729796723, 16.899999999999998579, 0.0053532244901398472886, 16.899999999999998579, 0.0021992567617844971557, 16.899999999999998579, 0.010310466007763054858, 16.899999999999998579, 0.0021992567617844971557, 16.899999999999998579, 0.032887828839996302577
17, 0.0043025954380464526139, 17, -0.020263572488278924766, 17, -0.0099376210733359993804, 17, 0.0047499071749520557079, 17, 0.001951396862134789547, 17, 0.0091484593178519264811, 17, 0.001951396862134789547, 17, 0.02918131575902105368
17.100000000000001421, 0.0038176857667249208816, 17.100000000000001421, -0.017979834122316518119, 17.100000000000001421, -0.0088176346284630190142, 17.100000000000001421, 0.0042145847259380713259, 17.100000000000001421, 0.001731471185956339788, 17.100000000000001421, 0.0081174127170756203015, 17.100000000000001421, 0.001731471185956339788, 17.100000000000001421, 0.025892532875021245786
17.199999999999999289, 0.0033874262229200979846, 17.199999999999999289, -0.015953476873488803278, 17.199999999999999289, -0.0078238725211294199435, 17.199999999999999289, 0.0037395940084428659286, 17.199999999999999289, 0.0015363314997428607466, 17.199999999999999289, 0.0072025667852904278268, 17.199999999999999289, 0.0015363314997428607466, 17.199999999999999289, 0.022974401299118873965
17.300000000000000711, 0.0030056576462476058964, 17.300000000000000711, -0.014155493461257329102, 17.300000000000000711, -0.0069421090582831180421, 17.300000000000000711, 0.0033181355358490585358, 17.300000000000000711, 0.0013631843811472267678, 17.300000000000000711, 0.0063908255135828656232, 17.300000000000000711, 0.0013631843811472267678, 17.300000000000000711, 0.020385148011616394115
17.399999999999998579, 0.0026669150239557737336, 17.399999999999998579, -0.012560145773908182321, 17.399999999999998579, -0.0061597218061701757008, 17.399999999999998579, 0.0029441761350047718562, 17.399999999999998579, 0.0012095512311729407148, 17.399999999999998579, 0.0056705688350538229273, 17.399999999999998579, 0.0012095512311729407148, 17.399999999999998579, 0.018087707881704773172
17.5, 0.0023663492593311019618, 17.5, -0.011144596427782538228, 17.5, -0.0054655109003418633762, 17.5, 0.0026123625814198658292, 17.5, 0.001073232793058217973, 17.5, 0.0050314862836955366251, 17.5, 0.001073232793058217973, 17.5, 0.016049193080543311396
17.600000000000001421, 0.0020996577569354357706, 17.600000000000001421, -0.0098885818503919864497, 17.600000000000001421, -0.004849538719724846153, 17.600000000000001421, 0.0023179449679193884701, 17.600000000000001421, 0.00095227766994092387983, 17.600000000000001421, 0.0044644294001901542457, 17.600000000000001421, 0.00095227766994092387983, 17.600000000000001421, 0.014240422292372656443
17.699999999999999289, 0.0018630228310021479388, 17.699999999999999289, -0.0087741222076136438091, 17.699999999999999289, -0.0043029876296906601624, 17.699999999999999289, 0.0020567087097774017571, 17.699999999999999289, 0.00084495439063510203916, 17.699999999999999289, 0.0039612807718206006699, 17.699999999999999289, 0.00084495439063510203916, 17.699999999999999289, 0.012635502984318591757
17.800000000000000711, 0.0016530570553090484509, 17.800000000000000711, -0.0077852640225746227998, 17.800000000000000711, -0.0038180337577181757205, 17.800000000000000711, 0.0018249142129854629968, 17.800000000000000711, 0.00074972662364100964034, 17.800000000000000711, 0.0035148378318015853321, 17.800000000000000711, 0.00074972662364100964034, 17.800000000000000711, 0.011211460755081503748
17.899999999999998579, 0.0014667547722089224749, 17.899999999999998579, -0.0069078518018130807832, 17.899999999999998579, -0.003387734994749109791, 17.899999999999998579, 0.0016192433420077227343, 17.899999999999998579, 0.0006652311845774994039, 17.899999999999998579, 0.0031187097546195251783, 17.899999999999998579, 0.0006652311845774994039, 17.899999999999998579, 0.0099479104566499998441
18, 0.0013014490666778399941, 18, -0.0061293253995557961389, 18, -0.0030059316189772920455, 18, 0.0014367519207091764347, 18, 0.00059025852221339847239, 18, 0.0027672259714393667752, 18, 0.00059025852221339847239, 18, 0.0088267643811414941979
18.100000000000001421, 0.0011547735894570365645, 18.100000000000001421, -0.0054385402193748433319, 18.100000000000001421, -0.0026671581195023812833, 18.100000000000001421, 0.0012748275865084042046, 18.100000000000001421, 0.00052373540375564848863, 18.100000000000001421, 0.0024553549959774141273, 18.100000000000001421, 0.00052373540375564848863, 18.100000000000001421, 0.0078319733354765830313
18.199999999999999289, 0.0010246286827895190186, 18.199999999999999289, -0.0048256076794190860824, 18.199999999999999289, -0.0023665649576046520787, 18.199999999999999289, 0.0011311523944374866479, 18.199999999999999289, 0.00046470955153430861971, 18.199999999999999289, 0.0021786323988334773197, 18.199999999999999289, 0.00046470955153430861971, 18.199999999999999289, 0.0069492968973623447937
18.300000000000000711, 0.00090915132384417063349, 18.300000000000000711, -0.0042817536574819570205, 18.300000000000000711, -0.0020998491456544138636, 18.300000000000000711, 0.0010036696357866462057, 18.300000000000000711, 0.00041233601115874376, 18.300000000000000711, 0.0019330968992357358202, 18.300000000000000711, 0.00041233601115874376, 18.300000000000000711, 0.006166099563814420037
18.399999999999998579, 0.00080668845556530754948, 18.399999999999998579, -0.0037991928895397819588, 18.399999999999998579, -0.0018631926498939486124, 18.399999999999998579, 0.00089055439634289751925, 18.399999999999998579, 0.00036586505600531290345, 18.399999999999998579, 0.0017152336593523880449, 18.399999999999998579, 0.00036586505600531290345, 18.399999999999998579, 0.0054711698740783631933
18.5, 0.00071577332318106812181, 18.5, -0.0033710175237917638924, 18.5, -0.0016532077353285071393, 18.5, 0.00079018743276423289868, 18.5, 0.00032463145488943853829, 18.5, 0.0015219239694288144629, 18.5, 0.00032463145488943853829, 18.5, 0.0048545599176970100075
18.600000000000001421, 0.00063510447762471500255, 18.600000000000001421, -0.0029910982348377856965, 18.600000000000001421, -0.0014668884703391122347, 18.600000000000001421, 0.00070113199312994310339, 18.600000000000001421, 0.00028804494928890724253, 18.600000000000001421, 0.0013504006034935757234, 18.600000000000001421, 0.00028804494928890724253, 18.600000000000001421, 0.0043074429302887295989
18.699999999999999289, 0.00056352714530660819037, 18.699999999999999289, -0.002653996482458786943, 18.699999999999999289, -0.0013015676968062615641, 18.699999999999999289, 0.00062211324985351980268, 18.699999999999999289, 0.0002555818037999633887, 18.699999999999999289, 0.0011982082065506941687, 18.699999999999999289, 0.0002555818037999633887, 18.699999999999999289, 0.0038219869385187621447
18.800000000000000711, 0.00050001669754440314364, 18.800000000000000711, -0.0023548866589750971912, 18.800000000000000711, -0.001154878849772350384, 18.800000000000000711, 0.00055200005054052551402, 18.800000000000000711, 0.0002267773088710726536, 18.800000000000000711, 0.0010631681462013365964, 18.800000000000000711, 0.0002267773088710726536, 18.800000000000000711, 0.0033912426454900668205
18.899999999999998579, 0.00044366398301409759597, 18.899999999999998579, -0.0020894870107293073147, 18.899999999999998579, -0.0010247220800917243144, 18.899999999999998579, 0.00048978872555517356628, 18.899999999999998579, 0.00020121912849107632558, 18.899999999999998579, 0.00094334732554626722287, 18.899999999999998579, 0.00020121912849107632558, 18.899999999999998579, 0.0030090439516383682417
19, 0.0003936623132592131924, 19, -0.0018539983448313535064, 19, -0.00090923419511448931932, 19, 0.00043458872050112102572, 19, 0.00017854139760396906022, 19, 0.00083703051092613354155, 19, 0.00017854139760396906022, 19, 0.0026699196870891839239
19.100000000000001421, 0.00034929591495824752201, 19.100000000000001421, -0.0016450496437583339571, 19.100000000000001421, -0.00080676198710531688788, 19.100000000000001421, 0.00038560984794560367993, 19.100000000000001421, 0.00015841948475486141682, 19.100000000000001421, 0.00074269577837150681926, 19.100000000000001421, 0.00015841948475486141682, 19.100000000000001421, 0.002369015291925791189
19.199999999999999289, 0.0003099296836319709314, 19.199999999999999289, -0.0014596498092753762421, 19.199999999999999289, -0.00071583856759386795595, 19.199999999999999289, 0.00034215097589549158278, 19.199999999999999289, 0.00014056534499446452164, 19.199999999999999289, 0.00065899272727889342174, 19.199999999999999289, 0.00014056534499446452164, 19.199999999999999289, 0.0021020233232169616144
19.300000000000000711, 0.00027500009213632381488, 19.300000000000000711, -0.0012951448448994540286, 19.300000000000000711, -0.00063516236888333629969, 19.300000000000000711, 0.00030358999110093119311, 19.300000000000000711, 0.00012472339651897838267, 19.300000000000000711, 0.00058472314944174271813, 19.300000000000000711, 0.00012472339651897838267, 19.300000000000000711, 0.0018651217940242048599
19.399999999999998579, 0.0002440071237730379039, 19.399999999999998579, -0.001149179863971561133, 19.399999999999998579, -0.00056357851212394949325, 19.399999999999998579, 0.00026937489351138202941, 19.399999999999998579, 0.00011066686201953192779, 19.399999999999998579, 0.0005188238767138533868, 19.399999999999998579, 0.00011066686201953192779, 19.399999999999998579, 0.0016549194617025975163
19.5, 0.00021650711455922788673, 19.5, -0.0010196653794816157301, 19.5, -0.00050006227523561588497, 19.5, 0.00023901589440128889925, 19.5, 9.8194522367634081393e-5, 19.5, 0.00046035156176967912582, 19.5, 9.8194522367634081393e-5, 19.5, 0.0014684072823003546659
19.600000000000001421, 0.00019210640218148000713, 19.600000000000001421, -0.00090474739308454843467, 19.600000000000001421, -0.00044370442402322094648, 19.600000000000001421, 0.00021207840505015068547, 19.600000000000001421, 8.712783616568089268e-5, 19.600000000000001421, 0.00040846917409829378715, 19.600000000000001421, 8.712783616568089268e-5, 19.600000000000001421, 0.0013029153361303613679
19.699999999999999289, 0.00017045569072582367198, 19.699999999999999289, -0.00080278085513629804382, 19.699999999999999289, -0.00039369819649965936883, 19.699999999999999289, 0.00018817681561002179013, 19.699999999999999289, 7.7308383928917479119e-5, 19.699999999999999289, 0.00036243401792132590167, 19.699999999999999289, 7.7308383928917479119e-5, 19.699999999999999289, 0.0011560746079002370834
19.800000000000000711, 0.00015124505050767567127, 19.800000000000000711, -0.00071230611582784320035, 19.800000000000000711, -0.0003493277540973372796, 19.800000000000000711, 0.000166968975105006727, 19.800000000000000711, 6.8595600312349393917e-5, 19.800000000000000711, 0.00032158710051149650127, 19.800000000000000711, 6.8595600312349393917e-5, 19.800000000000000711, 0.0010257830742874674002
19.899999999999998579, 0.00013419948143500448623, 19.899999999999998579, -0.00063202803031447984949, 19.899999999999998579, -0.00030995793444737134272, 19.899999999999998579, 0.00014815129354400454528, 19.899999999999998579, 6.0864761919457646005e-5, 19.899999999999998579, 0.0002853436987193639111, 19.899999999999998579, 6.0864761919457646005e-5, 19.899999999999998579, 0.00091017561349726605613
20, 0.00011907497638397046558, 20, -0.00056079741873205080083, 20, -0.00027502515903763763644, 20, 0.00013145439603350387529, 20, 5.4005201888222707969e-5, 20, 0.00025318498866821423929, 20, 5.4005201888222707969e-5, 20, 0.00080759730606860813396
20.100000000000001421, 0.00010565502824011474559, 20.100000000000001421, -0.0004975946157008692694, 20.100000000000001421, -0.00024402936559290050759, 20.100000000000001421, 0.00011663926667910342076, 20.100000000000001421, 4.791872569627693998e-5, 20.100000000000001421, 0.00022465061879627784818, 20.100000000000001421, 4.791872569627693998e-5, 20.100000000000001421, 0.00071657974471861507482
20.199999999999999289, 9.3747530601540063344e-5, 20.199999999999999289, -0.00044151487382748655364, 20.199999999999999289, -0.00021652684968913673853, 20.199999999999999289, 0.00010349382707575303865, 20.199999999999999289, 4.2518205507454669861e-5, 20.199999999999999289, 0.00019933211992945642967, 20.199999999999999289, 4.2518205507454669861e-5, 20.199999999999999289, 0.00063582001411166544358
20.300000000000000711, 8.3182027777795042311e-5, 20.300000000000000711, -0.00039175541225766608022, 20.300000000000000711, -0.00019212391312984668235, 20.300000000000000711, 9.1829900407842691154e-5, 20.300000000000000711, 3.7726332937826977218e-5, 20.300000000000000711, 0.0001768670580498286557, 20.300000000000000711, 3.7726332937826977218e-5, 20.300000000000000711, 0.00056416203964015920747
20.399999999999998579, 7.3807274717729853819e-5, 20.399999999999998579, -0.00034760392487509506054, 20.399999999999998579, -0.00017047122816093301934, 20.399999999999998579, 8.1480517700267379158e-5, 20.399999999999998579, 3.3474512387081512943e-5, 20.399999999999998579, 0.00015693384605688302357, 20.399999999999998579, 3.3474512387081512943e-5, 20.399999999999998579, 0.00050058003822872620958
20.5, 6.548907193959507822e-5, 20.5, -0.00030842838364897318115, 20.5, -0.00015125883684794834026, 20.5, 7.2297527659483112753e-5, 20.5, 2.9701879093298815898e-5, 20.5, 0.000139247140251900158, 20.5, 2.9701879093298815898e-5, 20.5, 0.00044416383426515437804
20.600000000000001421, 5.8108344467733274996e-5, 20.600000000000001421, -0.00027366799116101958589, 20.600000000000001421, -0.00013421171403185503833, 20.600000000000001421, 6.4149475889456380258e-5, 20.600000000000001421, 2.6354427854590663249e-5, 20.600000000000001421, 0.00012355375564621185022, 20.600000000000001421, 2.6354427854590663249e-5, 20.600000000000001421, 0.00039410583044219293924
20.699999999999999289, 5.1559437273418495806e-5, 20.699999999999999289, -0.00024282515279594463209, 20.699999999999999289, -0.00011908583034706020972, 20.699999999999999289, 5.6919723123508068983e-5, 20.699999999999999289, 2.3384239945260781998e-5, 20.699999999999999289, 0.00010962904162102183171, 20.699999999999999289, 2.3384239945260781998e-5, 20.699999999999999289, 0.00034968944701585513712
20.800000000000000711, 4.5748602826911621833e-5, 20.800000000000000711, -0.00021545835368019794487, 20.800000000000000711, -0.0001056646589438747086, 20.800000000000000711, 5.0504775534562428246e-5, 20.800000000000000711, 2.0748797159801715673e-5, 20.800000000000000711, 9.727366605640064127e-5, 20.800000000000000711, 2.0748797159801715673e-5, 20.800000000000000711, 0.00031027886397172466104
20.899999999999998579, 4.0592659099836225778e-5, 20.899999999999998579, -0.00019117583840078111734, 20.899999999999998579, -9.3756075909168682205e-5, 20.899999999999998579, 4.4812803222211619993e-5, 20.899999999999998579, 1.8410373165275638828e-5, 20.899999999999998579, 8.6310761894298456743e-5, 20.899999999999998579, 1.8410373165275638828e-5, 20.899999999999998579, 0.00027530991927005032949
21, 3.6017798817233881437e-5, 21, -0.00016963000303249486933, 21, -8.318961001478120728e-5, 21, 3.9762325668755380556e-5, 21, 1.6335493449295467939e-5, 21, 7.6583395288658395327e-5, 21, 1.6335493449295467939e-5, 21, 0.00024428203287296668123
21.100000000000001421, 3.1958532907161441017e-5, 21.100000000000001421, -0.00015051241919206148623, 21.100000000000001421, -7.3814002423864340414e-5, 21.100000000000001421, 3.5281045346534215847e-5, 21.100000000000001421, 1.4494456132767904395e-5, 21.100000000000001421, 6.7952319099228542876e-5, 21.100000000000001421, 1.4494456132767904395e-5, 21.100000000000001421, 0.00021675104094587283043
21.199999999999999289, 2.8356753025704506399e-5, 21.199999999999999289, -0.00013354941888898963498, 21.199999999999999289, -6.5495041422386214265e-5, 21.199999999999999289, 3.1304812779658677791e-5, 21.199999999999999289, 1.2860906787838356923e-5, 21.199999999999999289, 6.0293979570362704699e-5, 21.199999999999999289, 1.2860906787838356923e-5, 21.199999999999999289, 0.00019232283765902025152
21.300000000000000711, 2.5160899735254815823e-5, 21.300000000000000711, -0.00011849817696951703283, 21.300000000000000711, -5.8113641179999777514e-5, 21.300000000000000711, 2.7776708245005255529e-5, 21.300000000000000711, 1.1411461174561566653e-5, 21.300000000000000711, 5.3498747660439847701e-5, 21.300000000000000711, 1.1411461174561566653e-5, 21.300000000000000711, 0.00017064773356434415064
21.399999999999998579, 2.2325224432684365183e-5, 21.399999999999998579, -0.00010514323508026279796, 21.399999999999998579, -5.1564137037761153376e-5, 21.399999999999998579, 2.4646226967039388427e-5, 21.399999999999998579, 1.012537049577773113e-5, 21.399999999999998579, 4.7469349703403579941e-5, 21.399999999999998579, 1.012537049577773113e-5, 21.399999999999998579, 0.00015141544979879739685
21.5, 1.9809134458981247917e-5, 21.5, -9.3293417383399912524e-5, 21.5, -4.5752772919761171559e-5, 21.5, 2.1868556142538862536e-5, 21.5, 8.9842243783215739567e-6, 21.5, 4.2119474937359596526e-5, 21.5, 8.9842243783215739567e-6, 21.5, 0.00013435067644262943531
21.600000000000001421, 1.7576612015623993557e-5, 21.600000000000001421, -8.2779093875551268411e-5, 21.600000000000001421, -4.0596359215985057577e-5, 21.600000000000001421, 1.9403933445834923693e-5, 21.600000000000001421, 7.9716873287438016907e-6, 21.600000000000001421, 3.7372539967019238532e-5, 21.600000000000001421, 7.9716873287438016907e-6, 21.600000000000001421, 0.00011920913146301614916
21.699999999999999289, 1.5595698569903504449e-5, 21.699999999999999289, -7.3449752137300095001e-5, 21.699999999999999289, -3.6021081924008937711e-5, 21.699999999999999289, 1.7217077831581038795e-5, 21.699999999999999289, 7.0732648909116446339e-6, 21.699999999999999289, 3.3160592473283278202e-5, 21.699999999999999289, 7.0732648909116446339e-6, 21.699999999999999289, 0.00010577406381884202347
21.800000000000000711, 1.3838037368429922935e-5, 21.800000000000000711, -6.5171842750011421685e-5, 21.800000000000000711, -3.1961446002410433308e-5, 21.800000000000000711, 1.5276684486997546086e-5, 21.800000000000000711, 6.276096158037264126e-6, 21.800000000000000711, 2.9423338476581353671e-5, 21.800000000000000711, 6.276096158037264126e-6, 21.800000000000000711, 9.3853150672451590708e-5
21.899999999999998579, 1.2278467511173118965e-5, 21.899999999999998579, -5.7826867536192594343e-5, 21.899999999999998579, -2.8359337810009539537e-5, 21.899999999999998579, 1.3554976703839441529e-5, 21.899999999999998579, 5.568769668946099832e-6, 21.899999999999998579, 2.6107279229253027206e-5, 21.899999999999998579, 5.568769668946099832e-6, 21.899999999999998579, 8.3275744290567388362e-5
22, 1.0894663774685398039e-5, 22, -5.1309683261280270017e-5, 22, -2.5163193209768496206e-5, 22, 1.2027308255139687598e-5, 22, 4.9411600531423735888e-6, 22, 2.3164945381594890823e-5, 22, 4.9411600531423735888e-6, 22, 7.3890429223233411449e-5
22.100000000000001421, 9.6668170233016326165e-6, 22.100000000000001421, -4.5526996507838646266e-5, 22.100000000000001421, -2.2327259428767542591e-5, 22.100000000000001421, 1.0671810584755743445e-5, 22.100000000000001421, 4.3842830862477634362e-6, 22.100000000000001421, 2.0554217458669588102e-5, 22.100000000000001421, 4.3842830862477634362e-6, 22.100000000000001421, 6.5562854794087854771e-5
22.199999999999999289, 8.5773506457442749706e-6, 22.199999999999999289, -4.0396028182065890633e-5, 22.199999999999999289, -1.9810940107790691954e-5, 22.199999999999999289, 9.4690797592417750244e-6, 22.199999999999999289, 3.8901670809335256538e-6, 22.199999999999999289, 1.8237722920510097665e-5, 22.199999999999999289, 3.8901670809335256538e-6, 22.199999999999999289, 5.8173811871675695784e-5
22.300000000000000711, 7.6106689430588403411e-6, 22.300000000000000711, -3.584332853101557248e-5, 22.300000000000000711, -1.757821416491393905e-5, 22.300000000000000711, 8.4018987007662013575e-6, 22.300000000000000711, 3.4517387723087493949e-6, 22.300000000000000711, 1.6182301174643138854e-5, 22.300000000000000711, 3.4517387723087493949e-6, 22.300000000000000711, 5.1617526391822821097e-5
22.399999999999998579, 6.75293387875086637e-6, 22.399999999999998579, -3.1803725712542529891e-5, 22.399999999999998579, -1.5597120154134871549e-5, 22.399999999999998579, 7.4549907248420240244e-6, 22.399999999999998579, 3.0627220642153969989e-6, 22.399999999999998579, 1.4358528882592128749e-5, 22.399999999999998579, 3.0627220642153969989e-6, 22.399999999999998579, 4.5800145204388797993e-5
22.5, 5.9918669848002537037e-6, 22.5, -2.8219392859796244011e-5, 22.5, -1.3839298737643477983e-5, 22.5, 6.6148008547654040581e-6, 22.5, 2.7175481869845219747e-6, 22.5, 1.2740298765127814186e-5, 22.5, 2.7175481869845219747e-6, 22.5, 4.0638392564851244515e-5
22.600000000000001421, 5.3165735973692562766e-6, 22.600000000000001421, -2.5039020288275537496e-5, 22.600000000000001421, -1.2279586722229989811e-5, 22.600000000000001421, 5.8693017822812011474e-6, 22.600000000000001421, 2.4112759805629823595e-6, 22.600000000000001421, 1.130444587686860148e-5, 22.600000000000001421, 2.4112759805629823595e-6, 22.600000000000001421, 3.6058378044323546874e-5
22.699999999999999289, 4.7173868988892309062e-6, 22.699999999999999289, -2.2217081002473548779e-5, 22.699999999999999289, -1.0895656848465641844e-5, 22.699999999999999289, 5.2078216968046604028e-6, 22.699999999999999289, 2.1395211618645301197e-6, 22.699999999999999289, 1.0030416000355820062e-5, 22.699999999999999289, 2.1395211618645301197e-6, 22.699999999999999289, 3.1994538788104875948e-5
22.800000000000000711, 4.1857295389746695946e-6, 22.800000000000000711, -1.9713178973645995029e-5, 22.800000000000000711, -9.6676981762426435403e-6, 22.800000000000000711, 4.6208915185765406269e-6, 22.800000000000000711, 1.8983935638082317991e-6, 22.800000000000000711, 8.8999714126689599138e-6, 22.800000000000000711, 1.8983935638082317991e-6, 22.800000000000000711, 2.8388700983761339103e-5
22.899999999999998579, 3.713990849085746504e-6, 22.899999999999998579, -1.7491470873487457993e-5, 22.899999999999998579, -8.5781324913960788477e-6, 22.899999999999998579, 4.1001093488960748407e-6, 22.899999999999998579, 1.6844414476217787447e-6, 22.899999999999998579, 7.89692981263337723e-6, 22.899999999999998579, 1.6844414476217787447e-6, 22.899999999999998579, 2.518924710503966935e-5
23, 3.2954178950106438606e-6, 23, -1.552015297612285849e-5, 23, -7.6113626737718148324e-6, 23, 3.6380201970384206086e-6, 23, 1.494602091240955586e-6, 23, 7.0069326713664808998e-6, 23, 1.494602091240955586e-6, 23, 2.2350377006929988966e-5
23.100000000000001421, 2.9240188101908870522e-6, 23.100000000000001421, -1.3771005888507659165e-5, 23.100000000000001421, -6.7535494246322071171e-6, 23.100000000000001421, 3.2280092621488128704e-6, 23.100000000000001421, 1.3261579464787777751e-6, 23.100000000000001421, 6.2172396901031433462e-6, 23.100000000000001421, 1.3261579464787777751e-6, 23.100000000000001421, 1.9831452296337204189e-5
23.199999999999999289, 2.5944770207786405081e-6, 23.199999999999999289, -1.2218990590895373316e-5, 23.199999999999999289, -5.992413157255025295e-6, 23.199999999999999289, 2.8642072424449708096e-6, 23.199999999999999289, 1.1766977373546821741e-6, 23.199999999999999289, 5.516546422966494748e-6, 23.199999999999999289, 1.1766977373546821741e-6, 23.199999999999999289, 1.7596414595644205292e-5
23.300000000000000711, 2.302075139404280435e-6, 23.300000000000000711, -1.0841890001778153874e-5, 23.300000000000000711, -5.3170582147918044139e-6, 23.300000000000000711, 2.5414063162300892684e-6, 23.300000000000000711, 1.0440819427068043331e-6, 23.300000000000000711, 4.8948224539561800746e-6, 23.300000000000000711, 1.0440819427068043331e-6, 23.300000000000000711, 1.5613269366276938399e-5
23.399999999999998579, 2.0426274369711450163e-6, 23.399999999999998579, -9.6199909425109808581e-6, 23.399999999999998579, -4.7178168990663018844e-6, 23.399999999999998579, 2.2549855919855922298e-6, 23.399999999999998579, 9.2641216897133611566e-7, 23.399999999999998579, 4.3431678116595307692e-6, 23.399999999999998579, 9.2641216897133611566e-7, 23.399999999999998579, 1.3853627907067789238e-5
23.5, 1.8124199225866277629e-6, 23.5, -8.5358019425996189966e-6, 23.5, -4.1861110775871216124e-6, 23.5, 2.0008449603625834724e-6, 23.5, 8.2200397470065564e-7, 23.5, 3.8536855662639130158e-6, 23.5, 8.2200397470065564e-7, 23.5, 1.2292300970884184608e-5
23.600000000000001421, 1.6081571789783311033e-6, 23.600000000000001421, -7.5738028479932495429e-6, 23.600000000000001421, -3.7143293876804911699e-6, 23.600000000000001421, 1.7753464011640241647e-6, 23.600000000000001421, 7.2936275780352198608e-7, 23.600000000000001421, 3.4193687850979597695e-6, 23.600000000000001421, 7.2936275780352198608e-7, 23.600000000000001421, 1.0906938180177405684e-5
23.699999999999999289, 1.4269151868973040109e-6, 23.699999999999999289, -6.7202226539109233272e-6, 23.699999999999999289, -3.2957182799217789239e-6, 23.699999999999999289, 1.5752619051277657751e-6, 23.699999999999999289, 6.4716236033345640091e-7, 23.699999999999999289, 3.0340002284715682985e-6, 23.699999999999999289, 6.4716236033345640091e-7, 23.699999999999999289, 9.6777080829113515392e-6
23.800000000000000711, 1.2660994688218352167e-6, 23.800000000000000711, -5.9628423692004162149e-6, 23.800000000000000711, -2.9242853411537298916e-6, 23.800000000000000711, 1.3977272650113632528e-6, 23.800000000000000711, 5.7422608455310415995e-7, 23.800000000000000711, 2.6920633499617724063e-6, 23.800000000000000711, 5.7422608455310415995e-7, 23.800000000000000711, 8.5870142649824288128e-6
23.899999999999998579, 1.1234079497768334477e-6, 23.899999999999998579, -5.2908201038093238822e-6, 23.899999999999998579, -2.5947135131615521687e-6, 23.899999999999998579, 1.2402010744985867599e-6, 23.899999999999998579, 5.095098485197585728e-7, 23.899999999999998579, 2.3886633271146155764e-6, 23.899999999999998579, 5.095098485197585728e-7, 23.899999999999998579, 7.6192434566024758169e-6
24, 9.967980032499212939e-7, 24, -4.6945358667116465767e-6, 24, -2.3022849790461791795e-6, 24, 1.1004283479974504347e-6, 24, 4.520872400644481568e-7, 24, 2.1194569921184385476e-6, 24, 4.520872400644481568e-7, 24, 6.7605420301930507776e-6
24.100000000000001421, 8.8445720791696658125e-7, 24.100000000000001421, -4.1654538565083498725e-6, 24.100000000000001421, -2.0428136277300239626e-6, 24.100000000000001421, 9.7640824054759167397e-7, 24.100000000000001421, 4.0113625521247231011e-7, 24.100000000000001421, 1.8805906594069770323e-6, 24.100000000000001421, 4.0113625521247231011e-7, 24.100000000000001421, 5.998617684355167512e-6
24.199999999999999289, 7.8477740750315660989e-7, 24.199999999999999289, -3.6960002702812744246e-6, 24.199999999999999289, -1.8125851298254060447e-6, 24.199999999999999289, 8.6636540574784660933e-7, 24.199999999999999289, 3.5592753120602750502e-7, 24.199999999999999289, 1.6686449601951331352e-6, 24.199999999999999289, 3.5592753120602750502e-7, 24.199999999999999289, 5.3225634815134981181e-6
24.300000000000000711, 6.9633168653382426783e-7, 24.300000000000000711, -3.2794548845416215954e-6, 24.300000000000000711, -1.6083037670524035214e-6, 24.300000000000000711, 7.6872458169308742076e-7, 24.300000000000000711, 3.1581390568478028989e-7, 24.300000000000000711, 1.4805858942544354955e-6, 24.300000000000000711, 3.1581390568478028989e-7, 24.300000000000000711, 4.7227017132556170509e-6
24.399999999999998579, 6.1785394578350860684e-7, 24.399999999999998579, -2.909854857513494153e-6, 24.399999999999998579, -1.4270452540698629592e-6, 24.399999999999998579, 6.8208804111830279159e-7, 24.399999999999998579, 2.8022115256417751821e-7, 24.399999999999998579, 1.3137213982349221819e-6, 24.399999999999998579, 2.8022115256417751821e-7, 24.399999999999998579, 4.1904453649266315551e-6
24.5, 5.4822077721894402202e-7, 24.5, -2.5819093689705141514e-6, 24.5, -1.2662148773646226071e-6, 24.5, 6.0521558294899403892e-7, 24.5, 2.4863976199569947334e-7, 24.5, 1.1656628088094785689e-6, 24.5, 2.4863976199569947334e-7, 24.5, 3.7181751935122520081e-6
24.600000000000001421, 4.8643538264059316134e-7, 24.600000000000001421, -2.2909238834856182621e-6, 24.600000000000001421, -1.1235103519576362688e-6, 24.600000000000001421, 5.3700677883716377035e-7, 24.600000000000001421, 2.2061764673928171093e-7, 24.600000000000001421, 1.034290668985986393e-6, 24.600000000000001421, 2.2061764673928171093e-7, 24.600000000000001421, 3.2991306566643174847e-6
24.699999999999999289, 4.3161330509633444308e-7, 24.699999999999999289, -2.032732946410931163e-6, 24.699999999999999289, -9.9688886422117405047e-7, 24.699999999999999289, 4.7648522054226437705e-7, 24.699999999999999289, 1.9575367053971175301e-7, 24.699999999999999289, 9.1772438810503851497e-7, 24.699999999999999289, 1.9575367053971175301e-7, 24.699999999999999289, 2.9273131376683636518e-6
24.800000000000000711, 3.8296976700991081088e-7, 24.800000000000000711, -1.8036405577959158109e-6, 24.800000000000000711, -8.8453782902541042359e-7, 24.800000000000000711, 4.2278454265854798943e-7, 24.800000000000000711, 1.7369190586578357398e-7, 24.800000000000000711, 8.1429532120643987566e-7, 24.800000000000000711, 1.7369190586578357398e-7, 24.800000000000000711, 2.5974000719131140613e-6
24.899999999999998579, 3.3980843650027736658e-7, 24.899999999999998579, -1.6003672627107334847e-6, 24.899999999999998579, -7.8484894260329303972e-7, 24.899999999999998579, 3.7513602060432155701e-7, 24.899999999999998579, 1.5411653881181241191e-7, 24.899999999999998579, 7.2252288239593598181e-7, 24.899999999999998579, 1.5411653881181241191e-7, 24.899999999999998579, 2.3046687580574598542e-6
25, 3.0151145935519707564e-7, 25, -1.4200032065758705357e-6, 25, -6.9639515970075197618e-7, 25, 3.3285756633846678454e-7, 25, 1.3674734822523404657e-7, 25, 6.4109335027529196248e-7, 25, 1.3674734822523404657e-7, 25, 2.0449287507773306061e-6
25.100000000000001421, 2.6753061543871581307e-7, 25.100000000000001421, -1.2599664804824328712e-6, 25.100000000000001421, -6.1791026544042262986e-7, 25.100000000000001421, 2.9534396427803462355e-7, 25.100000000000001421, 1.2133569434405281597e-7, 25.100000000000001421, 5.6884106203569835372e-7, 25.100000000000001421, 1.2133569434405281597e-7, 25.100000000000001421, 1.8144618749715846207e-6
25.199999999999999289, 2.3737946985846747339e-7, 25.199999999999999289, -1.1179661596472101337e-6, 25.199999999999999289, -5.4827074947034743224e-7, 25.199999999999999289, 2.6205820764418794509e-7, 25.199999999999999289, 1.0766095952152940602e-7, 25.199999999999999289, 5.0473172700816911512e-7, 25.199999999999999289, 1.0766095952152940602e-7, 25.199999999999999289, 1.60996899989385156e-6
25.300000000000000711, 2.1062640875868510193e-7, 25.300000000000000711, -9.9196951186542037249e-7, 25.300000000000000711, -4.8647972292630511632e-7, 25.300000000000000711, 2.3252381121638449333e-7, 25.300000000000000711, 9.5527390087124119126e-8, 25.300000000000000711, 4.4784762080459926916e-7, 25.300000000000000711, 9.5527390087124119126e-8, 25.300000000000000711, 1.4285228120414217301e-6
25.399999999999998579, 1.868884620392918805e-7, 25.399999999999998579, -8.8017289634478856897e-7, 25.399999999999998579, -4.3165264797927035192e-7, 25.399999999999998579, 2.0631799045196568823e-7, 25.399999999999998579, 8.4761294134971174554e-8, 25.399999999999998579, 3.9737444810378234706e-7, 25.399999999999998579, 8.4761294134971174554e-8, 25.399999999999998579, 1.2675259117855830482e-6
