# /clock/clock, /robot_0/cmd_vel/linear/x, /clock/clock, /robot_1/cmd_vel/linear/x, /clock/clock, /robot_2/cmd_vel/linear/x, /clock/clock, /robot_3/cmd_vel/linear/x, /clock/clock, /robot_0/cmd_vel/linear/y, /clock/clock, /robot_1/cmd_vel/linear/y, /clock/clock, /robot_0/cmd_vel/linear/y, /clock/clock, /robot_3/cmd_vel/linear/y
4.9000000000000003553, 0.78803096534028271858, 4.9000000000000003553, -0.81932049637582959889, 4.9000000000000003553, 0.23280723112244966488, 5.7999999999999998224, 0.13949447373838222419, 4.9000000000000003553, -0.22932188991692292745, 4.9000000000000003553, -0.047908827460829986333, 4.9000000000000003553, -0.22932188991692292745, 5.7999999999999998224, 0.80877273768762258932
5, 0.82071935737877843575, 5, -0.99990000999900019441, 5, -0.010167623976362939048, 5.9000000000000003553, -0.1057444287674099842, 5, 0, 5, 0, 5, 0, 5.9000000000000003553, 0.81387279668713308212
5.0999999999999996447, 0.8069868065111521771, 5.0999999999999996447, -0.79346998155588210899, 5.0999999999999996447, 0.15307431502866286621, 6, 0.13949421639956682828, 5.0999999999999996447, -0.14950417591095688241, 5.0999999999999996447, -0.20972752645618417122, 5.0999999999999996447, -0.14950417591095688241, 6, 0.80877124566709546194
5.2000000000000001776, 0.80435830964784216235, 5.2000000000000001776, -0.99989803841271873708, 5.2000000000000001776, -0.17300405475338342942, 6.0999999999999996447, -0.10574423020905579507, 5.2000000000000001776, 0.16305150151040986861, 5.2000000000000001776, 0.0004879156882620561326, 5.2000000000000001776, 0.16305150151040986861, 6.0999999999999996447, 0.8138712684624794802
5.2999999999999998224, 0.78802840911585603223, 5.2999999999999998224, -0.81931835453007528791, 5.2999999999999998224, -0.010167599472203065966, 6.2000000000000001776, 0.13949394980185242376, 5.2999999999999998224, -0.22932114603978823175, 5.2999999999999998224, -0.047908702218853072008, 5.2999999999999998224, -0.22932114603978823175, 6.2000000000000001776, 0.80876969996454839418
5.4000000000000003553, 0.81661648768905614748, 5.4000000000000003553, -0.99989270478461378389, 5.4000000000000003553, -0.17300376994376617801, 6.2999999999999998224, -0.26532712978479566779, 5.4000000000000003553, 0.081934947511853803426, 5.4000000000000003553, 0.0026675770570097658008, 5.4000000000000003553, 0.081934947511853803426, 6.2999999999999998224, 0.77663838216966185612
5.5, 0.76119635392603102186, 5.5, -0.81931679393865308736, 5.5, 0.071811871994908071937, 6.4000000000000003553, 0.13949367343656682294, 5.5, -0.30684654721134113631, 5.5, -0.047908610965057385478, 5.5, -0.30684654721134113631, 6.4000000000000003553, 0.80876809763075963033
5.5999999999999996447, 0.81661507830447144229, 5.5999999999999996447, -0.99988915624506091717, 5.5999999999999996447, -0.17300347280708672226, 6.5, -0.18646676856237190401, 5.5999999999999996447, 0.081934806101713650306, 5.5999999999999996447, 0.0031972274408436406404, 5.5999999999999996447, 0.081934806101713650306, 6.5, 0.79924536368063558989
5.7000000000000001776, 0.81787659749684660238, 5.7000000000000001776, -0.79687961528679851497, 5.7000000000000001776, 0.15307353886312777269, 6.5999999999999996447, 0.1394933933570206841, 5.7000000000000001776, -0.06819268174160794671, 5.7000000000000001776, 0.19635543555297219065, 5.7000000000000001776, -0.06819268174160794671, 6.5999999999999996447, 0.80876647376211996399
5.7999999999999998224, 0.80435416168167639395, 5.7999999999999998224, -0.81931425463661566866, 5.7999999999999998224, -0.092045203401528899456, 6.7000000000000001776, -0.18646638200072515601, 5.7999999999999998224, 0.16305066067604109814, 5.7999999999999998224, -0.047908462482279624839, 5.7999999999999998224, 0.16305066067604109814, 6.7000000000000001776, 0.79924370677626410675
5.9000000000000003553, 0.81787508431997857361, 5.9000000000000003553, -0.7968779961408246626, 5.9000000000000003553, 0.15307326457877032388, 6.7999999999999998224, 0.13949309870766679609, 5.9000000000000003553, -0.068192555576378502402, 5.9000000000000003553, 0.1963550365866705838, 5.9000000000000003553, -0.068192555576378502402, 6.7999999999999998224, 0.80876476541942921017
6, 0.78405637090127944244, 6, -0.81931272750630623758, 6, -0.092045034194951524942, 6.9000000000000003553, -0.18646598074163564518, 6, 0.24253705725713353702, 6, -0.047908373185084167367, 6, 0.24253705725713353702, 6.9000000000000003553, 0.7992419868748071865
6.0999999999999996447, 0.8207114683374787667, 6.0999999999999996447, -0.79687648502195407296, 6.0999999999999996447, 0.15307297824465768143, 7, 0.1394927927462476791, 6.0999999999999996447, 0, 6.0999999999999996447, 0.19635466423882994014, 6.0999999999999996447, 0, 7, 0.80876299149069985628
6.2000000000000001776, 0.78802202028089429753, 6.2000000000000001776, -0.81931114545639505131, 6.2000000000000001776, -0.092044858915331942417, 7.0999999999999996447, -0.18646556393106647476, 6.2000000000000001776, -0.22931928684925861894, 6.2000000000000001776, -0.047908280676527907616, 6.2000000000000001776, -0.22931928684925861894, 7.0999999999999996447, 0.79924020031563902666
6.2999999999999998224, 0.80435030985324396102, 6.2999999999999998224, -0.8124965821875999028, 6.2999999999999998224, 0.23280456687925657477, 7.2000000000000001776, 0.1394924748088727795, 6.2999999999999998224, 0.1630498798717628095, 6.2999999999999998224, 0.11581857905050819968, 6.2999999999999998224, 0.1630498798717628095, 7.2000000000000001776, 0.80876114812677135646
6.4000000000000003553, 0.99985487076886603308, 6.4000000000000003553, -0.81930950548319525506, 6.4000000000000003553, -0.17300217703773140832, 7.2999999999999998224, -0.18646513064753308941, 6.4000000000000003553, 0.0079310116278650828053, 6.4000000000000003553, -0.047908184780973708805, 6.4000000000000003553, 0.0079310116278650828053, 7.2999999999999998224, 0.79923834314903552389
6.5, 0.80697648978699076938, 6.5, -0.81249491004232299307, 6.5, 0.1530723776806590386, 7.4000000000000003553, 0.13949214417868829874, 6.5, -0.14950226461162535729, 6.5, 0.1158183406919794517, 6.5, -0.14950226461162535729, 7.4000000000000003553, 0.80875923117140890994
6.5999999999999996447, 0.80434765265799479383, 6.5999999999999996447, -0.79345831234252295339, 6.5999999999999996447, -0.17300183008376507354, 7.5, -0.18646467989532033993, 6.5999999999999996447, 0.16304934123161948789, 6.5999999999999996447, -0.20972444208587351366, 6.5999999999999996447, 0.16304934123161948789, 7.5, 0.79923641110710130775
6.7000000000000001776, 0.80697458064220373153, 6.7000000000000001776, -0.81249317411828325675, 6.7000000000000001776, 0.15307206122746108701, 7.5999999999999996447, 0.13949180008049008594, 6.7000000000000001776, -0.1495019109192033957, 6.7000000000000001776, 0.11581809324200854905, 6.7000000000000001776, -0.1495019109192033957, 7.5999999999999996447, 0.80875723613006889057
6.7999999999999998224, 0.80434591853514003645, 6.7999999999999998224, -0.79345661196135452986, 6.7999999999999998224, -0.17300146575071448374, 7.7000000000000001776, -0.18646421059685849841, 6.7999999999999998224, 0.16304898970751402487, 6.7999999999999998224, -0.20972399264639277061, 6.7999999999999998224, 0.16304898970751402487, 7.7000000000000001776, 0.79923439957109032594
6.9000000000000003553, 0.80697280752537248194, 6.9000000000000003553, -0.81249139923464652746, 6.9000000000000003553, 0.15307173275255178679, 7.7999999999999998224, 0.13949144167466687172, 6.9000000000000003553, -0.14950158242762395799, 6.9000000000000003553, 0.11581784023848178122, 6.9000000000000003553, -0.14950158242762395799, 7.7999999999999998224, 0.80875515813478293659
7, 0.80434411703657937576, 7, -0.79345484594414028567, 7, -0.17300108744517336823, 7.9000000000000003553, -0.1864637215841403739, 7, 0.1630486245256768385, 7, -0.2097235258581958417, 7, 0.1630486245256768385, 7.9000000000000003553, 0.79923230353461827136
7.0999999999999996447, 0.80697096484137598171, 7.0999999999999996447, -0.81248955515142984307, 7.0999999999999996447, 0.15307139155768956229, 8, 0.21953476813437888815, 7.0999999999999996447, -0.14950124104787632096, 7.0999999999999996447, 0.11581757737079410864, 7.0999999999999996447, -0.14950124104787632096, 8, 0.79078672571092889498
7.2000000000000001776, 0.80434224415784039142, 7.2000000000000001776, -0.79345301042279170467, 7.2000000000000001776, -0.17300069434772460952, 8.0999999999999996447, -0.18646321158903578219, 7.2000000000000001776, 0.16304824487436114788, 7.2000000000000001776, -0.20972304069888147993, 7.2000000000000001776, 0.16304824487436114788, 8.0999999999999996447, 0.79923011756214723533
7.2999999999999998224, 0.80696904841432004485, 7.2999999999999998224, -0.81248763774847299057, 7.2999999999999998224, 0.15307103688949183495, 8.1999999999999992895, 0.21953416155852686908, 7.2999999999999998224, -0.14950088600632499558, 7.2999999999999998224, 0.11581730405163091768, 7.2999999999999998224, -0.14950088600632499558, 8.1999999999999992895, 0.79078454076256743388
7.4000000000000003553, 0.80434029557095332308, 7.4000000000000003553, -0.79345110121981665685, 7.4000000000000003553, -0.17300028557360669357, 8.3000000000000007105, -0.18646268519794761964, 7.4000000000000003553, 0.163047849876244072, 7.4000000000000003553, -0.20972253606426799477, 7.4000000000000003553, 0.163047849876244072, 8.3000000000000007105, 0.7992278613122001385
7.5, 0.78801043235149426103, 7.5, -0.81248564257251543186, 7.5, 0.15307066793388640624, 8.4000000000000003553, 0.21953352838948417269, 7.5, -0.22931591469005785378, 7.5, 0.11581701964619535439, 7.5, -0.22931591469005785378, 8.4000000000000003553, 0.79078226002280871398
7.5999999999999996447, 0.80433826659085627675, 7.5999999999999996447, -0.79344911381678240314, 7.5999999999999996447, -0.17299986016606849759, 8.5, -0.18646213546983791964, 7.5999999999999996447, 0.16304743858161654946, 7.5999999999999996447, -0.20972201076005722586, 7.5999999999999996447, 0.16304743858161654946, 8.5, 0.79922550503367206787
7.7000000000000001776, 0.78800842854297226125, 7.7000000000000001776, -0.79686215199024967859, 7.7000000000000001776, 0.15307028380987575122, 8.5999999999999996447, 0.21953286683968017967, 7.7000000000000001776, -0.22931533156937161655, 7.7000000000000001776, 0.19635113250250602057, 7.7000000000000001776, -0.22931533156937161655, 8.5999999999999996447, 0.79077987705264041196
7.7999999999999998224, 0.80433617820835778822, 7.7999999999999998224, -0.793447043318885048, 7.7999999999999998224, -0.17299941708889562952, 8.6999999999999992895, -0.18646156081791903647, 7.7999999999999998224, 0.16304701524552614456, 7.7999999999999998224, -0.20972146349246972852, 7.7999999999999998224, 0.16304701524552614456, 8.6999999999999992895, 0.79922304192517590327
7.9000000000000003553, 0.7880063406175965568, 7.9000000000000003553, -0.79686004878893434977, 7.9000000000000003553, 0.15306988356251535754, 8.8000000000000007105, 0.2973814366293836553, 7.9000000000000003553, -0.22931472397016014475, 7.9000000000000003553, 0.19635061426235730919, 7.9000000000000003553, -0.22931472397016014475, 8.8000000000000007105, 0.7649101446165246232
8, 0.80433400119797482386, 8, -0.79344490520302879411, 8, -0.25222639897941212528, 8.9000000000000003553, -0.26531834100298173906, 8, 0.16304657394367408352, 8, -0.20972089835231291777, 8, 0.16304657394367408352, 8.9000000000000003553, 0.77661265654825728522
8.0999999999999996447, 0.7880041631729107765, 8.0999999999999996447, -0.79685785551470000865, 8.0999999999999996447, 0.15306946615498992492, 9, 0.21953146271563950265, 8.0999999999999996447, -0.2293140903202751657, 8.0999999999999996447, 0.19635007382775551688, 8.0999999999999996447, -0.2293140903202751657, 9, 0.79077481925399617513
8.1999999999999992895, 0.78403597083685760971, 8.1999999999999992895, -0.79344267453788530631, 8.1999999999999992895, -0.25222570591712906163, 9.0999999999999996447, -0.26531747270928884852, 8.1999999999999992895, 0.24253074677771352397, 8.1999999999999992895, -0.20972030874981534287, 8.1999999999999992895, 0.24253074677771352397, 9.0999999999999996447, 0.7766101149679467408
8.3000000000000007105, 0.78800189033444589803, 8.3000000000000007105, -0.79685556625528597419, 8.3000000000000007105, 0.23279902293782622769, 9.1999999999999992895, 0.29737945913659930008, 8.3000000000000007105, -0.22931342891020989327, 8.3000000000000007105, 0.19634950974188766781, 8.3000000000000007105, -0.22931342891020989327, 9.1999999999999992895, 0.76490505820525167557
8.4000000000000003553, 0.78403368764929226575, 8.4000000000000003553, -0.79344034518238881759, 8.4000000000000003553, -0.17299798376972669312, 9.3000000000000007105, -0.34152244134307746526, 8.4000000000000003553, 0.24253004050503487732, 8.4000000000000003553, -0.20971969306178947501, 8.4000000000000003553, 0.24253004050503487732, 9.3000000000000007105, 0.74624014853301812167
8.5, 0.78799954509582259554, 8.5, -0.7732700442314751621, 8.5, 0.23279834886860198417, 9.4000000000000003553, 0.29737841537318121521, 8.5, -0.22931274643125021395, 8.5, 0.27492056864651343018, 8.5, -0.22931274643125021395, 9.4000000000000003553, 0.76490237348748268964
8.5999999999999996447, 0.78403130219027183934, 8.5999999999999996447, -0.79343791043994882362, 8.5999999999999996447, -0.17299746477552133128, 9.5, -0.34152123851042881508, 8.5999999999999996447, 0.24252930259608790342, 8.5999999999999996447, -0.20971904951821332408, 8.5999999999999996447, 0.24252930259608790342, 9.5, 0.74623752029573198197
8.6999999999999992895, 0.7879970936191059705, 8.6999999999999992895, -0.77326765353650350754, 8.6999999999999992895, 0.23279763500529618292, 9.5999999999999996447, 0.22484479574742149977, 8.6999999999999992895, -0.22931203303634764556, 8.6999999999999992895, 0.27491971868313264116, 8.6999999999999992895, -0.22931203303634764556, 9.5999999999999996447, 0.57833490610839144441
8.8000000000000007105, 0.75589947722010275566, 8.8000000000000007105, -0.76853462568692354484, 8.8000000000000007105, -0.25222343470101660223, 9.6999999999999992895, -0.36516721328776780009, 8.8000000000000007105, 0.31958917301638106734, 8.8000000000000007105, -0.28788203474698215167, 8.8000000000000007105, 0.31958917301638106734, 9.6999999999999992895, 0.50167513719074363632
8.9000000000000003553, 0.78799452851861651048, 8.9000000000000003553, -0.77326515266752893218, 8.9000000000000003553, 0.23279688814339327685, 9.8000000000000007105, 0.11243920165249443599, 8.9000000000000003553, -0.22931128657622368294, 8.9000000000000003553, 0.27491882954960711327, 8.9000000000000003553, -0.22931128657622368294, 9.8000000000000007105, 0.40501752352001546553
9, 0.75589700420161909378, 9, -0.76853212352397792806, 9, -0.25222261778853016789, 9.9000000000000003553, -0.30995222294560792475, 9, 0.31958812744093634262, 9, -0.28788109747267343064, 9, 0.31958812744093634262, 9.9000000000000003553, 0.28392066533421533858
9.0999999999999996447, 0.76116235950187061121, 9.0999999999999996447, -0.77326257659354735718, 9.0999999999999996447, 0.23279611654532955667, 10, 0.079779281811966293314, 9.0999999999999996447, -0.30683284368842717038, 9.0999999999999996447, 0.27491791367845813676, 9.0999999999999996447, -0.30683284368842717038, 10, 0.20520440912472193151
9.1999999999999992895, 0.7202126258121809288, 9.1999999999999992895, -0.76852950383159046588, 9.1999999999999992895, -0.32892763311087724887, 10.099999999999999645, -0.39604812090195723462, 9.1999999999999992895, 0.39345395069812866273, 9.1999999999999992895, -0.28788011617352343707, 9.1999999999999992895, 0.39345395069812866273, 10.099999999999999645, 0.14080692175003725608
9.3000000000000007105, 0.76115973757545951628, 9.3000000000000007105, -0.74195090067467417416, 9.3000000000000007105, 0.31019800860996404879, 10.199999999999999289, 0.18171158914433821474, 9.3000000000000007105, -0.30683178676131223073, 9.3000000000000007105, 0.35074069018680181786, 9.3000000000000007105, -0.30683178676131223073, 10.199999999999999289, 0.12431558663590450142
9.4000000000000003553, 0.72021014679862627172, 9.4000000000000003553, -0.73594737256451536744, 9.4000000000000003553, -0.32892648576496419377, 10.300000000000000711, -0.18865848204515603403, 9.4000000000000003553, 0.3934525964068513737, 9.4000000000000003553, -0.36316554338039308547, 9.4000000000000003553, 0.3934525964068513737, 10.300000000000000711, 0.11349630382902090031
9.5, 0.57550518304039322004, 9.5, -0.56098154186452631187, 9.5, 0.31019692000378629171, 10.400000000000000355, 0.1533916602002128593, 9.5, -0.2319924122171186931, 9.5, 0.265191474256183779, 9.5, -0.2319924122171186931, 10.400000000000000355, 0.1579379676721069381
9.5999999999999996447, 0.54454357570812639278, 9.5999999999999996447, -0.55644234010278026403, 9.5999999999999996447, -0.40234411909424766529, 10.5, -0.14669179326583126066, 9.5999999999999996447, 0.29748551123779010119, 9.5999999999999996447, -0.27458578199566668898, 9.5999999999999996447, 0.29748551123779010119, 10.5, 0.16417945615356135947
9.6999999999999992895, 0.48124111682983566896, 9.6999999999999992895, -0.56097975239019526317, 9.6999999999999992895, 0.1760135368867205008, 10.599999999999999645, 0.1817113457323156489, 9.6999999999999992895, -0.39170297487897554056, 9.6999999999999992895, 0.26519062832222595194, 9.6999999999999992895, -0.39170297487897554056, 10.599999999999999645, 0.1243154201087802585
9.8000000000000007105, 0.38715408026415204512, 9.8000000000000007105, -0.52624813274770454452, 9.8000000000000007105, -0.35667995337074559492, 10.699999999999999289, -0.17638500263051112849, 9.8000000000000007105, 0.1636861197424934744, 9.8000000000000007105, -0.32876461430265802033, 9.8000000000000007105, 0.1636861197424934744, 10.699999999999999289, 0.13176352986349157415
9.9000000000000003553, 0.26678324172426015615, 9.9000000000000003553, -0.40812707386800628484, 9.9000000000000003553, 0.078397615102848261515, 10.800000000000000711, -0.00058399044602577636874, 9.9000000000000003553, -0.32481948812390060155, 9.9000000000000003553, 0.100564712427071698, 9.9000000000000003553, -0.32481948812390060155, 10.800000000000000711, 0.019991472060830101087
10, 0.16839299739035323844, 10, -0.33247045213549047959, 10, -0.45044185662528291036, 10.900000000000000355, -0.20744567889280621231, 10, 0.14183546505324423626, 10, -0.25718454316173683383, 10, 0.14183546505324423626, 10.900000000000000355, 0.073753127293523221275
10.099999999999999645, 0.10315183473163512529, 10.099999999999999645, -0.39604745757095616288, 10.099999999999999645, 0.1969333333739032299, 11, 0.20278665146311333767, 10.099999999999999645, -0.19450741931296886, 10.099999999999999645, 0.14080668591607814477, 10.099999999999999645, -0.19450741931296886, 11, 0.085736821089223452796
10.199999999999999289, 0.09986678191043583952, 10.199999999999999289, -0.37693712391990619182, 10.199999999999999289, -0.30513345257259266718, 11.099999999999999645, -0.19904624173575136137, 10.199999999999999289, 0.1962142241968738432, 10.199999999999999289, -0.18600592995067058433, 10.199999999999999289, 0.1962142241968738432, 11.099999999999999645, 0.094094657937611778098
10.300000000000000711, 0.10315176464929749767, 10.300000000000000711, -0.33674671111466897289, 10.300000000000000711, 0.019264335582847135625, 11.199999999999999289, -0.0064657913372700714927, 10.300000000000000711, -0.19450728716277812524, 10.300000000000000711, 0.25155730172444351611, 10.300000000000000711, -0.19450728716277812524, 11.199999999999999289, 0.018926001753748290801
10.400000000000000355, -0.0064287605117078240602, 10.400000000000000355, -0.21740951336429659158, 10.400000000000000355, -0.17414438031725204548, 11.300000000000000711, -0.20744553441835011931, 10.400000000000000355, 0.22007275466609627079, 10.400000000000000355, -0.034730245260783422501, 10.400000000000000355, 0.22007275466609627079, 11.300000000000000711, 0.073753075928544173379
10.5, 0.020000000000000000416, 10.5, -0.16234891133545784059, 10.5, 0.2164823830063143939, 11.400000000000000355, 0.21033281670994916079, 10.5, 0, 10.5, 0.14871392269620078985, 10.5, 0, 11.400000000000000355, 0.065063564690883965436
10.599999999999999645, 0.079779067169654882541, 10.599999999999999645, -0.10793862625564268343, 10.599999999999999645, -0.016962000634208159594, 11.5, -0.1990461036916166826, 10.599999999999999645, 0.20520385703215246465, 10.599999999999999645, -0.19189110664555059094, 10.599999999999999645, 0.20520385703215246465, 11.5, 0.0940945926803352789
10.699999999999999289, 0.062452929789840280761, 10.699999999999999289, -0.019982703005465590751, 10.699999999999999289, 0.21139685581653608337, 11.599999999999999645, -0.013325520425596489027, 10.699999999999999289, -0.21112306633861951943, 10.699999999999999289, 0.00083161324866580987533, 10.699999999999999289, -0.21112306633861951943, 11.599999999999999645, 0.014914104243534400188
10.800000000000000711, 0.079779046609750645103, 10.800000000000000711, -0.046409975170841874514, 10.800000000000000711, -0.1974357123249874113, 11.699999999999999289, -0.20744540078536941041, 10.800000000000000711, 0.20520380414896144394, 10.800000000000000711, -0.21521846551066961539, 10.800000000000000711, 0.20520380414896144394, 11.699999999999999289, 0.073753028418033023117
10.900000000000000355, 0.020000000000000000416, 10.900000000000000355, -0.050022073655961091232, 10.900000000000000355, 0.18377534277680132591, 11.800000000000000711, -0.21796276051461666023, 10.900000000000000355, 0, 10.900000000000000355, 0.21440769719696808893, 10.900000000000000355, 0, 11.800000000000000711, 0.031069838030285300973
11, 0.037421061171879613227, 11, -0.067664101663915121598, 11, -0.00024777326925781121159, 11.900000000000000355, -0.19904597766827605843, 11, 0.21696296118453003987, 11, -0.20950996707828237198, 11, 0.21696296118453003987, 11.900000000000000355, 0.094094533105620242752
11.099999999999999645, 0.041063762732477922246, 11.099999999999999645, -0.016962000634208159594, 11.099999999999999645, 0.20419906256194217398, 12, -0.18865778580166281397, 11.099999999999999645, -0.2163030854500818112, 11.099999999999999645, -0.010596722818169868052, 11.099999999999999645, -0.2163030854500818112, 12, 0.11349588497129349529
11.199999999999999289, 0.05889425662810684331, 11.199999999999999289, -0.067664080112525157307, 11.199999999999999289, -0.20617575697415438385, 12.099999999999999645, -0.18865774232604731742, 11.199999999999999289, 0.21214314597135802698, 11.199999999999999289, -0.20950990034820110575, 11.199999999999999289, 0.21214314597135802698, 12.099999999999999645, 0.11349585881651046149
11.300000000000000711, 0.0053499765724917469276, 11.300000000000000711, -0.050022049502487266059, 11.300000000000000711, 0.19496108920692195587, 12.199999999999999289, -0.18865768922410561248, 11.300000000000000711, 0.019271163708343860138, 11.300000000000000711, 0.21440759366885889237, 11.300000000000000711, 0.019271163708343860138, 12.199999999999999289, 0.11349582687056217201
11.400000000000000355, 0.037421045975556573027, 11.400000000000000355, -0.067664065170133680382, 11.400000000000000355, -0.00024777326925781121159, 12.300000000000000711, -0.188657636244834781, 11.400000000000000355, 0.21696287307801614963, 11.400000000000000355, -0.20950985408171904356, 11.400000000000000355, 0.21696287307801614963, 12.300000000000000711, 0.11349579499841228047
11.5, 0.011087486723583230355, 11.5, -0.011496478930665370369, 11.5, 0.20419890814365179721, 12.400000000000000355, -0.18865758339235827457, 11.5, -0.016645348844478016076, 11.5, -0.016365542221288217201, 11.5, -0.016645348844478016076, 12.400000000000000355, 0.11349576320254142758
11.599999999999999645, 0.058894235006981696112, 11.599999999999999645, -0.046409927244344083286, 11.599999999999999645, -0.014518646084002797408, 12.5, -0.18865753067083312899, 11.599999999999999645, 0.21214306808985022856, 11.599999999999999645, -0.21521824325958513469, 11.599999999999999645, 0.21214306808985022856, 12.5, 0.11349573148545046009
11.699999999999999289, -0.00058399044602577636874, 11.699999999999999289, -0.0042159159886155936695, 11.699999999999999289, 0.20419885130142881313, 12.599999999999999645, -0.18865747808445215705, 11.699999999999999289, 0.019991472060830101087, 11.699999999999999289, -0.019550602353301940045, 11.699999999999999289, 0.019991472060830101087, 12.599999999999999645, 0.11349569984966176306
11.800000000000000711, 0.058894224464343648828, 11.800000000000000711, -0.067664033566136858044, 11.800000000000000711, 0.21648188423485362208, 12.699999999999999289, -0.18865742563744378191, 11.800000000000000711, 0.21214303011418789158, 11.800000000000000711, -0.20950975622551212818, 11.800000000000000711, 0.21214303011418789158, 12.699999999999999289, 0.11349566829771916276
11.900000000000000355, 0.11895635393799709745, 11.900000000000000355, -0.1265562854070940435, 11.900000000000000355, 0.19496089079903941577, 12.800000000000000711, -0.17638421507834778357, 11.900000000000000355, 0.18526354451981927318, 11.900000000000000355, -0.18015622389170324325, 11.900000000000000355, 0.18526354451981927318, 12.800000000000000711, 0.13176294154446532847
12, 0.13685753995312308073, 12, -0.14390961772077065506, 12, 0.18377497879194515384, 12.900000000000000355, -0.17638416631589642902, 12, 0.17246215360565192443, 12, -0.16662161813190015658, 12, 0.17246215360565192443, 12.900000000000000355, 0.13176290511782687287
12.099999999999999645, 0.13685749842562427991, 12.099999999999999645, -0.14390956958891423789, 12.099999999999999645, 0.18377492826384797531, 13, -0.17638410858706080053, 12.099999999999999645, 0.17246210127443306614, 12.099999999999999645, -0.16662156240381242878, 12.099999999999999645, 0.17246210127443306614, 13, 0.13176286199309947267
12.199999999999999289, 0.13685745049059894196, 12.199999999999999289, -0.14390951441744270767, 12.199999999999999289, 0.18377486837261369779, 13.099999999999999645, -0.17638405089978023699, 12.199999999999999289, 0.17246204086871697037, 12.199999999999999289, -0.16662149852510854675, 12.199999999999999289, 0.17246204086871697037, 13.099999999999999645, 0.13176281889941462988
12.300000000000000711, 0.13685740252126640804, 12.300000000000000711, -0.14390945918189049224, 12.300000000000000711, 0.18377480852845962112, 13.199999999999999289, -0.17638399325786358052, 12.300000000000000711, 0.17246198041976837367, 12.300000000000000711, -0.16662143457221062492, 12.300000000000000711, 0.17246198041976837367, 13.199999999999999289, 0.13176277583961762407
12.400000000000000355, 0.13685735451992830924, 12.400000000000000355, -0.14390940388476966549, 12.400000000000000355, 0.18377474873537832933, 13.300000000000000711, -0.17638393566516624711, 12.400000000000000355, 0.17246191993048773372, 12.400000000000000355, -0.16662137054802725333, 12.400000000000000355, 0.17246191993048773372, 13.300000000000000711, 0.13176273281658856806
12.5, 0.13685730648892502348, 12.5, -0.14390934852864051274, 12.5, 0.18377468899741086772, 13.400000000000000355, -0.17638387812559355727, 12.5, 0.17246185940382424695, 12.5, -0.16662130645552283847, 12.5, 0.17246185940382424695, 13.400000000000000355, 0.13176268983324479489
12.599999999999999645, 0.13685725843063814566, 12.599999999999999645, -0.14390929311611524999, 12.599999999999999645, 0.18377462931864943507, 13.5, -0.17638382064310048625, 12.599999999999999645, 0.172461798842779096, 12.599999999999999645, -0.1666212422977217944, 12.599999999999999645, 0.172461798842779096, 13.5, 0.13176264689254077456
12.699999999999999289, 0.13685721034749093183, 12.699999999999999289, -0.1439092376498579684, 12.699999999999999289, 0.18377456970323788332, 13.599999999999999645, -0.16234826814964620212, 12.699999999999999289, 0.17246173825040603256, 12.699999999999999289, -0.16662117807770862599, 12.699999999999999289, 0.17246173825040603256, 13.599999999999999645, 0.14871333352880641843
12.800000000000000711, 0.15339088499729702786, 12.800000000000000711, -0.14390918213258543923, 12.800000000000000711, 0.18377451015537119017, 13.699999999999999289, -0.16234821535742260945, 12.800000000000000711, 0.15793716949329525412, 12.800000000000000711, -0.16662111379862898364, 12.800000000000000711, 0.15793716949329525412, 13.699999999999999289, 0.14871328517037524231
12.900000000000000355, 0.15339083105782977401, 12.900000000000000355, -0.14390912656706750239, 12.900000000000000355, 0.18377445067929573663, 13.800000000000000711, -0.1623481543582140918, 12.900000000000000355, 0.15793711395514004048, 12.900000000000000355, -0.16662104946368974656, 12.900000000000000355, 0.15793711395514004048, 13.800000000000000711, 0.14871322929422856052
13, 0.15339077001314296855, 13, -0.14390907095612767708, 13, 0.18377439127930919605, 13.900000000000000355, -0.1623480933175545371, 13, 0.15793705110117678414, 13, -0.16662098507616007748, 13, 0.15793705110117678414, 13.900000000000000355, 0.14871317338011216802
13.099999999999999645, 0.15339070884988792454, 13.099999999999999645, -0.14390901530264341157, 13.099999999999999645, 0.18377433195976025648, 14, -0.1623480322386497976, 13.099999999999999645, 0.15793698812513112806, 13.099999999999999645, -0.16662092063937158914, 13.099999999999999645, 0.15793698812513112806, 14, 0.14871311743096263247
13.199999999999999289, 0.15339064757011605655, 13.199999999999999289, -0.14390895960954677713, 13.199999999999999289, 0.18377427272504870404, 14.099999999999999645, -0.1466903744690338518, 13.199999999999999289, 0.15793692502911524378, 13.199999999999999289, -0.16662085615671898275, 13.199999999999999289, 0.15793692502911524378, 14.099999999999999645, 0.1641778682168308634
13.300000000000000711, 0.15339058617592793432, 13.300000000000000711, -0.1439089038798246345, 13.300000000000000711, 0.18377421357962528403, 14.199999999999999289, -0.14669031922064360018, 13.300000000000000711, 0.15793686181529195678, 13.300000000000000711, -0.16662079163166065854, 13.300000000000000711, 0.15793686181529195678, 14.199999999999999289, 0.16417780638207879473
13.400000000000000355, 0.15339052466947700193, 13.400000000000000355, -0.14390884811651949438, 13.400000000000000355, 0.17075210322966835608, 14.300000000000000711, -0.14669025676462640884, 13.400000000000000355, 0.15793679848587857673, 13.400000000000000355, -0.16662072706771918762, 13.400000000000000355, 0.15793679848587857673, 14.300000000000000711, 0.16417773648045233537
13.5, 0.15339046305297024397, 13.5, -0.14390879232272954513, 13.5, 0.17075204845374694629, 14.400000000000000355, -0.14669019417880987954, 13.5, 0.15793673504314748035, 13.5, -0.1666206624684817561, 13.5, 0.15793673504314748035, 14.400000000000000355, 0.16417766643355272138
13.599999999999999645, 0.15339040132866876842, 13.599999999999999645, -0.1439087365016092912, 13.599999999999999645, 0.17075198471754512997, 14.5, -0.14669013146535808678, 13.599999999999999645, 0.15793667148942677758, 13.599999999999999645, -0.16662059783760072018, 13.599999999999999645, 0.15793667148942677758, 14.5, 0.16417759624380195982
13.699999999999999289, 0.15339033949888880581, 13.699999999999999289, -0.14390868065637005269, 13.699999999999999289, 0.17075192096465743874, 14.599999999999999645, -0.14669006862649000555, 13.699999999999999289, 0.1579366078271013385, 13.699999999999999289, -0.16662053317879421677, 13.699999999999999289, 0.1579366078271013385, 14.599999999999999645, 0.16417752591368356407
13.800000000000000711, 0.15339027756600201458, 13.800000000000000711, -0.14390862479028004861, 13.800000000000000711, 0.17075185719884591884, 14.699999999999999289, -0.28005449090337092288, 13.800000000000000711, 0.15793654405861315415, 13.800000000000000711, -0.16662046849584624675, 13.800000000000000711, 0.15793654405861315415, 14.699999999999999289, 0.3134408066479599797
13.900000000000000355, 0.15339021553243650797, 13.900000000000000355, -0.14390856890666520185, 13.900000000000000355, 0.17075179342393204118, 14.800000000000000711, -0.21220087561077868865, 13.900000000000000355, 0.15793648018646225251, 13.900000000000000355, -0.16662040379260761869, 13.900000000000000355, 0.15793648018646225251, 14.800000000000000711, 0.3628309335643993272
14, 0.15339015340067746473, 14, -0.14390851300890913911, 14, 0.15602361199663725144, 14.900000000000000355, -0.17491795249310318483, 14, 0.15793641621320755886, 14, -0.16662033907299603208, 14, 0.15793641621320755886, 14.900000000000000355, 0.38220269899751502241
14.099999999999999645, 0.15339009117326776743, 14.099999999999999645, -0.15982378550377907001, 14.099999999999999645, 0.15602355371667414596, 15, -0.13588734760528553558, 14.099999999999999645, 0.15793635214146720114, 14.099999999999999645, -0.15142099403234721144, 14.099999999999999645, 0.15793635214146720114, 15, 0.39775551745158566064
14.199999999999999289, 0.15339002885280880739, 14.199999999999999289, -0.15982372340422162926, 14.199999999999999289, 0.1560234874061320054, 15.099999999999999645, -0.13588719344702515635, 14.199999999999999289, 0.15793628797391978669, 14.199999999999999289, -0.15142093519769575516, 14.199999999999999289, 0.15793628797391978669, 15.099999999999999645, 0.39775506621532491502
14.300000000000000711, 0.15338996644196112307, 14.300000000000000711, -0.15982365284238339576, 14.300000000000000711, 0.15602342098411722815, 15.199999999999999289, -0.25821456926263675058, 14.300000000000000711, 0.15793622371330462428, 14.300000000000000711, -0.15142086834567086706, 14.300000000000000711, 0.15793622371330462428, 15.199999999999999289, 0.56420912711376380866
14.400000000000000355, 0.16839089973655274601, 14.400000000000000355, -0.15982358215370207066, 14.400000000000000355, 0.13973632733425681018, 15.300000000000000711, -0.14097624353502111183, 14.400000000000000355, 0.14183369822382183023, 14.400000000000000355, -0.15142080137347169178, 14.400000000000000355, 0.14183369822382183023, 15.300000000000000711, 0.60426106969719317608
14.5, 0.16839083103271154651, 14.5, -0.15982351134114783364, 14.5, 0.32599143215488685099, 15.400000000000000355, -0.079946361315940225878, 14.5, 0.14183364035537468495, 14.5, -0.15142073428391228385, 14.5, 0.14183364035537468495, 15.400000000000000355, 0.6153153355462396279
14.599999999999999645, 0.29284540851483736867, 14.599999999999999645, -0.15982344040776116922, 14.599999999999999645, 0.32599126941087197551, 15.5, -0.18645293795242007251, 14.599999999999999645, 0.3015249238620415495, 14.599999999999999645, -0.15142066707987328344, 14.599999999999999645, 0.3015249238620415495, 15.5, 0.79918608206726227117
14.699999999999999289, 0.34691158586693204846, 14.699999999999999289, -0.1741417540438253142, 14.699999999999999289, 0.3259910247604182465, 15.599999999999999645, 0.058050217800865375195, 14.699999999999999289, 0.23733498513175790845, 14.699999999999999289, -0.13470841445149853155, 14.699999999999999289, 0.23733498513175790845, 15.599999999999999645, 0.8185904992347858844
14.800000000000000711, 0.38714731557898002245, 14.800000000000000711, -0.30512795029805395153, 14.800000000000000711, 0.3259907803324929576, 15.699999999999999289, 0.15950684822857710832, 14.800000000000000711, 0.16368325967947586208, 14.800000000000000711, -0.2890857414967905048, 14.800000000000000711, 0.16368325967947586208, 15.699999999999999289, 0.98699922791002836497
14.900000000000000355, 0.40155384402111948816, 14.900000000000000355, -0.33246382568716736916, 14.900000000000000355, 0.23301797063154272571, 15.800000000000000711, 0.16094034341379334641, 14.900000000000000355, 0.12421516012582074773, 14.900000000000000355, -0.25717941723227810691, 14.900000000000000355, 0.12421516012582074773, 15.800000000000000711, 0.98676329336268286951
15, 0.41194808818613609658, 15, -0.35647767232402088888, 15, 0.34398295119429095346, 15.900000000000000355, 0.16096869488215809207, 15, 0.083506011583941386345, 15, -0.22270339247987999687, 15, 0.083506011583941386345, 15.900000000000000355, 0.98675460792734792648
15.099999999999999645, 0.59277594430046409713, 15.099999999999999645, -0.37692963152389447057, 15.099999999999999645, 0.29070893635464312155, 16, 0.16096862147487223105, 15.099999999999999645, 0.18336708746870850062, 15.099999999999999645, -0.18600223270251090013, 15.099999999999999645, 0.18336708746870850062, 16, 0.98675039139059417259
15.199999999999999289, 0.60811988647136927533, 15.199999999999999289, -0.39361535684087101128, 15.199999999999999289, 0.23453024795608015673, 16.100000000000001421, 0.16096793385868798931, 15.199999999999999289, 0.12327200378014113724, 15.199999999999999289, -0.14744266041849132809, 15.199999999999999289, 0.12327200378014113724, 16.100000000000001421, 0.98674609686733893987
15.300000000000000711, 0.61738729624534027796, 15.300000000000000711, -0.58105775899562850384, 15.300000000000000711, 0.17600836821553317302, 16.199999999999999289, 0.16096720375873485587, 15.300000000000000711, 0.061945351918499126642, 15.300000000000000711, -0.21765589262249593339, 15.300000000000000711, 0.061945351918499126642, 16.199999999999999289, 0.98674161958817252494
15.400000000000000355, 0.62048588084924416464, 15.400000000000000355, -0.61271603620045422822, 15.400000000000000355, 0.23278629620688073842, 16.300000000000000711, 0.16096644126293427335, 15.400000000000000355, 0, 15.400000000000000355, -0.097878781306133214035, 15.400000000000000355, 0, 16.300000000000000711, 0.98673694539133915971
15.5, 0.81654625509190270627, 15.5, -0.79339768651938014088, 15.5, 0.15306035327587888539, 16.399999999999998579, 0.16096564446331090847, 15.5, 0.081927900747248705304, 15.5, -0.20970841765618788988, 15.5, 0.081927900747248705304, 16.399999999999998579, 0.98673206094613130634
15.599999999999999645, 0.81780651246445590363, 15.599999999999999645, -0.81924338197875312684, 15.599999999999999645, -0.010166660427751229509, 16.5, 0.16096481099837234297, 15.599999999999999645, -0.068186838211760900097, 15.599999999999999645, -0.047904318284798602656, 15.599999999999999645, -0.068186838211760900097, 16.5, 0.98672695174048419275
15.699999999999999289, 0.81780405416468648916, 15.699999999999999289, -0.81242784028172632116, 15.699999999999999289, -0.1523180355962467647, 16.600000000000001421, 0.16096393827808572197, 15.699999999999999289, -0.068186633244343666793, 15.699999999999999289, 0.1158087801294615804, 15.699999999999999289, -0.068186633244343666793, 16.600000000000001421, 0.98672160189648505657
15.800000000000000711, 0.99209327393545299056, 15.800000000000000711, -0.98714243624589703696, 15.800000000000000711, -0.15463028374360815453, 16.699999999999999289, 0.16096302346245214276, 15.800000000000000711, -0.12389042766398337958, 15.800000000000000711, 0.15856977065390670534, 15.800000000000000711, -0.12389042766398337958, 16.699999999999999289, 0.98671599400469833796
15.900000000000000355, 0.9920043786562516841, 15.900000000000000355, -0.98709156085322535823, 15.900000000000000355, -0.15467768223041325482, 16.800000000000000711, 0.1609620634307619147, 15.900000000000000355, -0.12457317282972242556, 15.900000000000000355, 0.15886457831438888233, 15.900000000000000355, -0.12457317282972242556, 16.800000000000000711, 0.98671010893492816507
16, 0.99199835548367742977, 16, -0.9870862761796107554, 16, -0.15467801984831888729, 16.899999999999998579, 0.16096105474603880636, 16, -0.12458689870422853807, 16, 0.15887010610518545461, 16, -0.12458689870422853807, 16.899999999999998579, 0.98670392561823982991
16.100000000000001421, 0.99199390426979261459, 16.100000000000001421, -0.98708178644366006971, 16.100000000000001421, -0.1546773302259852878, 17, 0.16095999361393578675, 16.100000000000001421, -0.12458664836369144624, 16.100000000000001421, 0.15886952064509543558, 16.100000000000001421, -0.12458664836369144624, 17, 0.98669742079498745646
16.199999999999999289, 0.9919892982243238011, 16.199999999999999289, -0.98707712142774151065, 16.199999999999999289, -0.15467658744505341506, 17.100000000000001421, 0.16095887583504903118, 16.199999999999999289, -0.1245860766037858447, 16.199999999999999289, 0.15886877283104047787, 16.199999999999999289, -0.1245860766037858447, 17.100000000000001421, 0.98669056872249505385
16.300000000000000711, 0.99198448799292504585, 16.300000000000000711, -0.98707224732022535996, 16.300000000000000711, -0.15467581050401282838, 17.199999999999999289, 0.16095769674938739668, 16.300000000000000711, -0.12458547262613328677, 16.300000000000000711, 0.15886798841753191347, 16.300000000000000711, -0.12458547262613328677, 17.199999999999999289, 0.98668334083465092377
16.399999999999998579, 0.99197945878219795368, 16.399999999999998579, -0.98706714922453353545, 16.399999999999998579, -0.15467499752865632168, 17.300000000000000711, 0.16095645117144943836, 16.399999999999998579, -0.12458484100011324447, 16.399999999999998579, 0.158867167887248667, 16.399999999999998579, -0.12458484100011324447, 17.300000000000000711, 0.9866757053439231262
16.5, 0.99197419527156560637, 16.5, -0.98706181132708759041, 16.5, -0.1546741459649649264, 17.399999999999998579, 0.16095513331400040924, 16.5, -0.12458417994453330202, 16.5, 0.15886630875966631371, 16.5, -0.12458417994453330202, 17.399999999999998579, 0.98666762677410757565
16.600000000000001421, 0.99196868069803945112, 16.600000000000001421, -0.98705621630189088744, 16.600000000000001421, -0.15467325299922027315, 17.5, 0.16095373669818682782, 16.600000000000001421, -0.12458348735734511847, 16.600000000000001421, 0.15886540824767267366, 16.600000000000001421, -0.12458348735734511847, 17.5, 0.98665906540932268864
16.699999999999999289, 0.99196289666105230687, 16.699999999999999289, -0.9870503451130269168, 16.699999999999999289, -0.15467231553706003999, 17.600000000000001421, 0.16095225404704313621, 16.699999999999999289, -0.12458276092765752097, 16.699999999999999289, 0.15886446328749681545, 16.699999999999999289, -0.12458276092765752097, 17.600000000000001421, 0.98664997664119724607
16.800000000000000711, 0.99195682291700626454, 16.800000000000000711, -0.98704417679810785291, 16.800000000000000711, -0.154671330167893889, 17.699999999999999289, 0.16095067715869701419, 16.800000000000000711, -0.12458199811303515003, 16.800000000000000711, 0.15886347050527060976, 16.800000000000000711, -0.12458199811303515003, 17.699999999999999289, 0.9866403101916090268
16.899999999999998579, 0.99195043714259167889, 16.899999999999998579, -0.98703768821824888757, 16.899999999999998579, -0.1546702931234574252, 17.800000000000000711, 0.160948996754610274, 16.899999999999998579, -0.12458119610984540182, 16.899999999999998579, 0.15886242617682080902, 16.899999999999998579, -0.12458119610984540182, 17.800000000000000711, 0.9866300091823889673
17, 0.99194371466068986809, 17, -0.98703085376807664364, 17, -0.15466920022966512693, 17.899999999999998579, 0.16094720229692680014, 17, -0.12458035181883569953, 17, 0.15886132618099599312, 17, -0.12458035181883569953, 17.899999999999998579, 0.98661900901565025013
17.100000000000001421, 0.99193662812175031895, 17.100000000000001421, -0.98702364503810346985, 17.100000000000001421, -0.15466804685047044754, 18, 0.16094528176733233216, 17.100000000000001421, -0.12457946180511697554, 17.100000000000001421, 0.15886016594532631485, 17.100000000000001421, -0.12457946180511697554, 18, 0.98660723601818123285
17.199999999999999289, 0.99192914713197544163, 17.199999999999999289, -0.98701603042008390076, 17.199999999999999289, -0.15466682782214213887, 18.100000000000001421, 0.16094322139762176627, 17.199999999999999289, -0.12457852225146656688, 17.199999999999999289, 0.15885894038250594762, 17.199999999999999289, -0.12457852225146656688, 18.100000000000001421, 0.98659460578980173739
17.300000000000000711, 0.99192123781765395574, 17.300000000000000711, -0.98700797464379474988, 17.300000000000000711, -0.154665537375991341, 18.199999999999999289, 0.16094100533920474572, 17.300000000000000711, -0.12457752890361195597, 17.300000000000000711, 0.1588576438158385562, 17.300000000000000711, -0.12457752890361195597, 18.199999999999999289, 0.98658102117740631432
17.399999999999998579, 0.99191286231247433047, 17.399999999999998579, -0.98699943823092151085, 17.399999999999998579, -0.15466416904711119407, 18.300000000000000711, 0.16093861525477226593, 17.399999999999998579, -0.12457647700584145722, 17.399999999999998579, 0.15885626989134093989, 17.399999999999998579, -0.12457647700584145722, 18.300000000000000711, 0.98656636977184863913
17.5, 0.99190397815145059379, 17.5, -0.98699037684821400163, 17.5, -0.15466271556608235382, 18.399999999999998579, 0.16093602980986293494, 17.5, -0.1245753612248857306, 17.5, 0.1588548114736344774, 17.5, -0.1245753612248857306, 18.399999999999998579, 0.98655052079120197916
17.600000000000001421, 0.99189453755099599164, 17.600000000000001421, -0.98698074053754725199, 17.600000000000001421, -0.15466116872981700014, 18.5, 0.16093322403448198643, 17.600000000000001421, -0.12457417555950105192, 17.600000000000001421, 0.15885326052202425329, 17.600000000000001421, -0.12457417555950105192, 18.5, 0.98653332116743486235
17.699999999999999289, 0.99188448654938232707, 17.699999999999999289, -0.98697047279466665337, 17.699999999999999289, -0.15465951924669718576, 18.600000000000001421, 0.16093016851430363978, 17.699999999999999289, -0.12457291323251752646, 17.699999999999999289, 0.1588516079422242766, 17.699999999999999289, -0.12457291323251752646, 18.600000000000001421, 0.98651459058841661776
17.800000000000000711, 0.9918737639749515278, 17.800000000000000711, -0.98695950946074617605, 17.800000000000000711, -0.15465775654983338061, 18.699999999999999289, 0.16092682835591262669, 17.800000000000000711, -0.12457156656125457916, 17.800000000000000711, 0.15884984340795535451, 17.800000000000000711, -0.12457156656125457916, 18.699999999999999289, 0.98649411515476703727
17.899999999999998579, 0.99186230020040910826, 17.899999999999998579, -0.9869477773808348342, 17.899999999999998579, -0.15465586857051624725, 18.800000000000000711, 0.16092316184884186692, 17.899999999999998579, -0.12457012680107006075, 17.899999999999998579, 0.15884795514502367264, 17.899999999999998579, -0.12457012680107006075, 18.800000000000000711, 0.98647163917804259192
18, 0.99185001562961494503, 18, -0.98693519276992425215, 18, -0.15465384146159696921, 18.899999999999998579, 0.16091911871543979062, 18, -0.12456858395531292261, 18, 0.15884592966834165662, 18, -0.12456858395531292261, 18.899999999999998579, 0.98644685445228441623
18.100000000000001421, 0.99183681884736574208, 18.100000000000001421, -0.98692165920948848878, 18.100000000000001421, -0.15465165925739182695, 19, 0.16091463779242271004, 18.100000000000001421, -0.12456692654295051237, 18.100000000000001421, 0.15884375145947352004, 18.100000000000001421, -0.12456692654295051237, 19, 0.98641938604175283256
18.199999999999999289, 0.99182260434123370452, 18.199999999999999289, -0.98690706517319193303, 18.199999999999999289, -0.15464930345244287668, 19.100000000000001421, 0.1609096439165021708, 18.199999999999999289, -0.1245651413124493484, 18.199999999999999289, 0.15884140256840134642, 18.199999999999999289, -0.1245651413124493484, 19.100000000000001421, 0.98638877318957807194
18.300000000000000711, 0.99180724967535860426, 18.300000000000000711, -0.98689128094740730113, 18.300000000000000711, -0.15464675247561307514, 19.199999999999999289, 0.16090404367598076796, 18.300000000000000711, -0.12456321288682548065, 18.300000000000000711, 0.15883886211788619813, 18.300000000000000711, -0.12456321288682548065, 19.199999999999999289, 0.98635444327470755965
18.399999999999998579, 0.99179061195596152078, 18.399999999999998579, -0.98687415476652617929, 18.399999999999998579, -0.15464398102786663936, 19.300000000000000711, 0.1608977195154663864, 18.399999999999998579, -0.12456112331974086849, 18.399999999999998579, 0.15883610568145181685, 18.399999999999998579, -0.12456112331974086849, 19.300000000000000711, 0.98631567567334199609
18.5, 0.99177252337248156255, 18.5, -0.98685550791912135526, 18.5, -0.15464095924065326959, 19.399999999999998579, 0.16089052139750723014, 18.5, -0.12455885153550499966, 18.5, 0.15883310449572748957, 18.5, -0.12455885153550499966, 19.399999999999998579, 0.98627155064410088059
18.600000000000001421, 0.99175278551944412442, 18.600000000000001421, -0.98683512849039567438, 18.600000000000001421, -0.15463765159552039785, 19.5, 0.16088225475241885176, 18.600000000000001421, -0.12455637261594613985, 18.600000000000001421, 0.15882982445330345866, 18.600000000000001421, -0.12455637261594613985, 19.5, 0.98622087545951508947
18.699999999999999289, 0.99173116209153899803, 18.699999999999999289, -0.98681276327600375708, 18.699999999999999289, -0.15463401552200356504, 19.600000000000001421, 0.16087266263429317315, 18.699999999999999289, -0.12455365688297043159, 18.699999999999999289, 0.15882622480127125963, 18.699999999999999289, -0.12455365688297043159, 19.600000000000001421, 0.9861620750209583175
18.800000000000000711, 0.9917073693809160817, 18.800000000000000711, -0.98678810721192478095, 18.800000000000000711, -0.15462999955619446957, 19.699999999999999289, 0.1608613985503502819, 18.800000000000000711, -0.12455066870509669263, 18.800000000000000711, 0.15882225643997532893, 18.800000000000000711, -0.12455066870509669263, 19.699999999999999289, 0.98609302530043752011
18.899999999999998579, 0.99168106376457632045, 18.899999999999998579, -0.98676078938220068704, 18.899999999999998579, -0.15462554089055199902, 19.800000000000000711, 0.16084798373413672357, 18.899999999999998579, -0.12454736492597091868, 18.899999999999998579, 0.15881785967097689083, 18.899999999999998579, -0.12454736492597091868, 19.800000000000000711, 0.98601079142193670535
19, 0.99165182500768800367, 19, -0.9867303542383102366, 19, -0.15462056206649221757, 19.899999999999998579, 0.16083173737664654968, 19, -0.12454369276739371553, 19, 0.15881296117433668647, 19, -0.12454369276739371553, 19.899999999999998579, 0.9859111999727016018
19.100000000000001421, 0.99161913365430065515, 19.100000000000001421, -0.98669623600290612409, 19.100000000000001421, -0.15461496643822283947, 20, 0.16081165749526002418, 19.100000000000001421, -0.12453958698977120323, 19.100000000000001421, 0.15880746988892999183, 19.100000000000001421, -0.12453958698977120323, 20, 0.9857881087204648507
19.199999999999999289, 0.9915823399096830304, 19.199999999999999289, -0.98665772318665179164, 19.199999999999999289, -0.1546086318401206916, 20.100000000000001421, 0.16078620625356221385, 19.199999999999999289, -0.12453496598398081097, 19.199999999999999289, 0.15880127130147778103, 19.199999999999999289, -0.12453496598398081097, 20.100000000000001421, 0.98563209060704837228
19.300000000000000711, 0.9915406200290514116, 19.300000000000000711, -0.98661390845647589654, 19.300000000000000711, -0.15460140156902985042, 20.199999999999999289, 0.16075289654040603171, 19.300000000000000711, -0.12452972629413741612, 19.300000000000000711, 0.15879421937790780262, 19.300000000000000711, -0.12452972629413741612, 20.199999999999999289, 0.98542789944550124304
19.399999999999998579, 0.99149291394127825328, 19.399999999999998579, -0.98656361627917699142, 19.399999999999998579, -0.15459307125234106328, 20.300000000000000711, 0.1607074260305321467, 19.399999999999998579, -0.12452373478362040171, 19.399999999999998579, 0.15878612491768726023, 19.399999999999998579, -0.12452373478362040171, 20.300000000000000711, 0.98514916164359445094
19.5, 0.99143783396072249214, 19.5, -0.98650529592935654044, 19.5, -0.15458336923190449386, 20.399999999999998579, 0.16064165201919963777, 19.5, -0.12451681716999533911, 19.5, 0.15877673833358968425, 19.5, -0.12451681716999533911, 20.399999999999998579, 0.98474596178082152154
19.600000000000001421, 0.99137352764526454063, 19.600000000000001421, -0.98643685884371978823, 19.600000000000001421, -0.15457192639383091071, 20.5, 0.1605380769625040227, 19.600000000000001421, -0.12450874080105875374, 19.600000000000001421, 0.15876572347408179908, 19.600000000000001421, -0.12450874080105875374, 20.5, 0.98411103853681813902
19.699999999999999289, 0.9912974654769759475, 19.699999999999999289, -0.98635542334493808703, 19.699999999999999289, -0.15455822816735412251, 20.600000000000001421, 0.16035100719083877907, 19.699999999999999289, -0.12449918798919507035, 19.699999999999999289, 0.15875261653696301489, 19.699999999999999289, -0.12449918798919507035, 20.600000000000001421, 0.98296428612296271599
19.800000000000000711, 0.99120610045740753513, 19.800000000000000711, -0.98625689873874766711, 19.800000000000000711, -0.15454153505597184592, 20.699999999999999289, 0.15991148415607278621, 19.800000000000000711, -0.12448771325921435815, 19.800000000000000711, 0.15873675913033669094, 19.800000000000000711, -0.12448771325921435815, 20.699999999999999289, 0.98026997535016480168
19.899999999999998579, 0.99109429940179927243, 19.899999999999998579, -0.98613527706640724535, 19.899999999999998579, -0.15452074468420848308, 20.800000000000000711, 0, 19.899999999999998579, -0.12447367192336486474, 19.899999999999998579, 0.15871718428109399257, 19.899999999999998579, -0.12447367192336486474, 20.800000000000000711, 0
20, 0.99095434483682176552, 20, -0.98598136098497757285, 20, -0.15449413813141255059, 20.899999999999998579, 0, 20, -0.12445609472751616165, 20, 0.15869241168890685367, 20, -0.12445609472751616165, 20.899999999999998579, 0
20.100000000000001421, 0.99077407485115009944, 20.100000000000001421, -0.98578032396580295149, 20.100000000000001421, -0.15445887893110774036, 21, 0, 20.100000000000001421, -0.12443345423097845748, 20.100000000000001421, 0.15866005504336155862, 20.100000000000001421, -0.12443345423097845748, 21, 0
20.199999999999999289, 0.99053314633098943354, 20.199999999999999289, -0.9855066266917882345, 20.199999999999999289, -0.15440992883194598617, 21.100000000000001421, 0, 20.199999999999999289, -0.12440319549818827649, 20.199999999999999289, 0.15861600382474350113, 20.199999999999999289, -0.12440319549818827649, 21.100000000000001421, 0
20.300000000000000711, 0.99019476671832806769, 20.300000000000000711, -0.9851122112130965558, 20.300000000000000711, -0.15433739763394738187, 21.199999999999999289, 0, 20.300000000000000711, -0.12436069767238369654, 20.300000000000000711, 0.15855252316882270658, 20.300000000000000711, -0.12436069767238369654, 21.199999999999999289, 0
20.399999999999998579, 0.98968486045185000144, 20.399999999999998579, -0.98449467272388002659, 20.399999999999998579, -0.15421885268339233233, 21.300000000000000711, 0, 20.399999999999998579, -0.12429665744395777816, 20.399999999999998579, 0.1584531311559080613, 20.399999999999998579, -0.12429665744395777816, 21.300000000000000711, 0
20.5, 0.98882884039845597712, 20.5, -0.98339019178587161463, 20.5, -0.1539902171512003981, 21.399999999999998579, 0, 20.5, -0.12418914803809166791, 20.5, 0.15827536639213835024, 20.5, -0.12418914803809166791, 21.399999999999998579, 0
20.600000000000001421, 0.98709371281355551275, 20.600000000000001421, -0.98084890366597887734, 20.600000000000001421, -0.15336554021710552265, 21.5, 0, 20.600000000000001421, -0.1239712296201584546, 20.600000000000001421, 0.1578663493898911363, 20.600000000000001421, -0.1239712296201584546, 21.5, 0
20.699999999999999289, 0, 20.699999999999999289, 0, 20.699999999999999289, 0, 21.600000000000001421, 0, 20.699999999999999289, 0, 20.699999999999999289, 0, 20.699999999999999289, 0, 21.600000000000001421, 0
20.800000000000000711, 0, 20.800000000000000711, -0.00058399044602577636874, 20.800000000000000711, 0, 21.699999999999999289, 0, 20.800000000000000711, 0, 20.800000000000000711, 0.019991472060830101087, 20.800000000000000711, 0, 21.699999999999999289, 0
20.899999999999998579, 0, 20.899999999999998579, 0, 20.899999999999998579, 0, 21.800000000000000711, 0, 20.899999999999998579, 0, 20.899999999999998579, 0, 20.899999999999998579, 0, 21.800000000000000711, 0
21, 0, 21, -0.00058399044602577636874, 21, 0, 21.899999999999998579, 0, 21, 0, 21, 0.019991472060830101087, 21, 0, 21.899999999999998579, 0
21.100000000000001421, 0, 21.100000000000001421, 0, 21.100000000000001421, 0, 22, 0, 21.100000000000001421, 0, 21.100000000000001421, 0, 21.100000000000001421, 0, 22, 0
21.199999999999999289, 0, 21.199999999999999289, -0.00058399044602577636874, 21.199999999999999289, 0, 22.100000000000001421, 0, 21.199999999999999289, 0, 21.199999999999999289, 0.019991472060830101087, 21.199999999999999289, 0, 22.100000000000001421, 0
21.300000000000000711, 0, 21.300000000000000711, 0, 21.300000000000000711, 0, 22.199999999999999289, 0, 21.300000000000000711, 0, 21.300000000000000711, 0, 21.300000000000000711, 0, 22.199999999999999289, 0
21.399999999999998579, 0, 21.399999999999998579, -0.00058399044602577636874, 21.399999999999998579, 0, 22.300000000000000711, 0, 21.399999999999998579, 0, 21.399999999999998579, 0.019991472060830101087, 21.399999999999998579, 0, 22.300000000000000711, 0
21.5, 0, 21.5, 0, 21.5, 0, 22.399999999999998579, 0, 21.5, 0, 21.5, 0, 21.5, 0, 22.399999999999998579, 0
21.600000000000001421, 0, 21.600000000000001421, -0.00058399044602577636874, 21.600000000000001421, 0, 22.5, 0, 21.600000000000001421, 0, 21.600000000000001421, 0.019991472060830101087, 21.600000000000001421, 0, 22.5, 0
21.699999999999999289, 0, 21.699999999999999289, 0, 21.699999999999999289, 0, 22.600000000000001421, 0, 21.699999999999999289, 0, 21.699999999999999289, 0, 21.699999999999999289, 0, 22.600000000000001421, 0
21.800000000000000711, 0, 21.800000000000000711, -0.00058399044602577636874, 21.800000000000000711, 0, 22.699999999999999289, 0, 21.800000000000000711, 0, 21.800000000000000711, 0.019991472060830101087, 21.800000000000000711, 0, 22.699999999999999289, 0
21.899999999999998579, 0, 21.899999999999998579, 0, 21.899999999999998579, 0, 22.800000000000000711, 0, 21.899999999999998579, 0, 21.899999999999998579, 0, 21.899999999999998579, 0, 22.800000000000000711, 0
22, 0, 22, -0.00058399044602577636874, 22, 0, 22.899999999999998579, 0, 22, 0, 22, 0.019991472060830101087, 22, 0, 22.899999999999998579, 0
22.100000000000001421, 0, 22.100000000000001421, 0, 22.100000000000001421, 0, 23, 0, 22.100000000000001421, 0, 22.100000000000001421, 0, 22.100000000000001421, 0, 23, 0
22.199999999999999289, 0, 22.199999999999999289, -0.00058399044602577636874, 22.199999999999999289, 0, 23.100000000000001421, 0, 22.199999999999999289, 0, 22.199999999999999289, 0.019991472060830101087, 22.199999999999999289, 0, 23.100000000000001421, 0
22.300000000000000711, 0, 22.300000000000000711, 0, 22.300000000000000711, 0, 23.199999999999999289, 0, 22.300000000000000711, 0, 22.300000000000000711, 0, 22.300000000000000711, 0, 23.199999999999999289, 0
22.399999999999998579, 0, 22.399999999999998579, -0.00058399044602577636874, 22.399999999999998579, 0, 23.300000000000000711, 0, 22.399999999999998579, 0, 22.399999999999998579, 0.019991472060830101087, 22.399999999999998579, 0, 23.300000000000000711, 0
22.5, 0, 22.5, 0, 22.5, 0, 23.399999999999998579, 0, 22.5, 0, 22.5, 0, 22.5, 0, 23.399999999999998579, 0
22.600000000000001421, 0, 22.600000000000001421, -0.00058399044602577636874, 22.600000000000001421, 0, 23.5, 0, 22.600000000000001421, 0, 22.600000000000001421, 0.019991472060830101087, 22.600000000000001421, 0, 23.5, 0
22.699999999999999289, 0, 22.699999999999999289, 0, 22.699999999999999289, 0, 23.600000000000001421, 0, 22.699999999999999289, 0, 22.699999999999999289, 0, 22.699999999999999289, 0, 23.600000000000001421, 0
22.800000000000000711, 0, 22.800000000000000711, -0.00058399044602577636874, 22.800000000000000711, 0, 23.699999999999999289, 0, 22.800000000000000711, 0, 22.800000000000000711, 0.019991472060830101087, 22.800000000000000711, 0, 23.699999999999999289, 0
22.899999999999998579, 0, 22.899999999999998579, 0, 22.899999999999998579, 0, 23.800000000000000711, 0, 22.899999999999998579, 0, 22.899999999999998579, 0, 22.899999999999998579, 0, 23.800000000000000711, 0
23, 0, 23, -0.00058399044602577636874, 23, 0, 23.899999999999998579, 0, 23, 0, 23, 0.019991472060830101087, 23, 0, 23.899999999999998579, 0
23.100000000000001421, 0, 23.100000000000001421, 0, 23.100000000000001421, 0, 24, 0, 23.100000000000001421, 0, 23.100000000000001421, 0, 23.100000000000001421, 0, 24, 0
23.199999999999999289, 0, 23.199999999999999289, -0.00058399044602577636874, 23.199999999999999289, 0, 24.100000000000001421, 0, 23.199999999999999289, 0, 23.199999999999999289, 0.019991472060830101087, 23.199999999999999289, 0, 24.100000000000001421, 0
23.300000000000000711, 0, 23.300000000000000711, 0, 23.300000000000000711, 0, 24.199999999999999289, 0, 23.300000000000000711, 0, 23.300000000000000711, 0, 23.300000000000000711, 0, 24.199999999999999289, 0
23.399999999999998579, 0, 23.399999999999998579, -0.00058399044602577636874, 23.399999999999998579, 0, 24.300000000000000711, 0, 23.399999999999998579, 0, 23.399999999999998579, 0.019991472060830101087, 23.399999999999998579, 0, 24.300000000000000711, 0
23.5, 0, 23.5, 0, 23.5, 0, 24.399999999999998579, 0, 23.5, 0, 23.5, 0, 23.5, 0, 24.399999999999998579, 0
23.600000000000001421, 0, 23.600000000000001421, -0.00058399044602577636874, 23.600000000000001421, 0, 24.5, 0, 23.600000000000001421, 0, 23.600000000000001421, 0.019991472060830101087, 23.600000000000001421, 0, 24.5, 0
23.699999999999999289, 0, 23.699999999999999289, 0, 23.699999999999999289, 0, 24.600000000000001421, 0, 23.699999999999999289, 0, 23.699999999999999289, 0, 23.699999999999999289, 0, 24.600000000000001421, 0
23.800000000000000711, 0, 23.800000000000000711, -0.00058399044602577636874, 23.800000000000000711, 0, 24.699999999999999289, 0, 23.800000000000000711, 0, 23.800000000000000711, 0.019991472060830101087, 23.800000000000000711, 0, 24.699999999999999289, 0
23.899999999999998579, 0, 23.899999999999998579, 0, 23.899999999999998579, 0, 24.800000000000000711, 0, 23.899999999999998579, 0, 23.899999999999998579, 0, 23.899999999999998579, 0, 24.800000000000000711, 0
24, 0, 24, -0.00058399044602577636874, 24, 0, 24.899999999999998579, 0, 24, 0, 24, 0.019991472060830101087, 24, 0, 24.899999999999998579, 0
24.100000000000001421, 0, 24.100000000000001421, 0, 24.100000000000001421, 0, 25, 0, 24.100000000000001421, 0, 24.100000000000001421, 0, 24.100000000000001421, 0, 25, 0
24.199999999999999289, 0, 24.199999999999999289, -0.00058399044602577636874, 24.199999999999999289, 0, 25.100000000000001421, 0, 24.199999999999999289, 0, 24.199999999999999289, 0.019991472060830101087, 24.199999999999999289, 0, 25.100000000000001421, 0
24.300000000000000711, 0, 24.300000000000000711, 0, 24.300000000000000711, 0, 25.199999999999999289, 0, 24.300000000000000711, 0, 24.300000000000000711, 0, 24.300000000000000711, 0, 25.199999999999999289, 0
24.399999999999998579, 0, 24.399999999999998579, -0.00058399044602577636874, 24.399999999999998579, 0, 25.300000000000000711, 0, 24.399999999999998579, 0, 24.399999999999998579, 0.019991472060830101087, 24.399999999999998579, 0, 25.300000000000000711, 0
24.5, 0, 24.5, 0, 24.5, 0, 25.399999999999998579, 0, 24.5, 0, 24.5, 0, 24.5, 0, 25.399999999999998579, 0
24.600000000000001421, 0, 24.600000000000001421, -0.00058399044602577636874, 24.600000000000001421, 0, 25.5, 0, 24.600000000000001421, 0, 24.600000000000001421, 0.019991472060830101087, 24.600000000000001421, 0, 25.5, 0
24.699999999999999289, 0, 24.699999999999999289, 0, 24.699999999999999289, 0, 25.600000000000001421, 0, 24.699999999999999289, 0, 24.699999999999999289, 0, 24.699999999999999289, 0, 25.600000000000001421, 0
24.800000000000000711, 0, 24.800000000000000711, -0.00058399044602577636874, 24.800000000000000711, 0, 25.699999999999999289, 0, 24.800000000000000711, 0, 24.800000000000000711, 0.019991472060830101087, 24.800000000000000711, 0, 25.699999999999999289, 0
24.899999999999998579, 0, 24.899999999999998579, 0, 24.899999999999998579, 0, 25.800000000000000711, 0, 24.899999999999998579, 0, 24.899999999999998579, 0, 24.899999999999998579, 0, 25.800000000000000711, 0
25, 0, 25, -0.00058399044602577636874, 25, 0, 25.899999999999998579, 0, 25, 0, 25, 0.019991472060830101087, 25, 0, 25.899999999999998579, 0
25.100000000000001421, 0, 25.100000000000001421, 0, 25.100000000000001421, 0, 26, 0, 25.100000000000001421, 0, 25.100000000000001421, 0, 25.100000000000001421, 0, 26, 0
25.199999999999999289, 0, 25.199999999999999289, -0.00058399044602577636874, 25.199999999999999289, 0, 26.100000000000001421, 0, 25.199999999999999289, 0, 25.199999999999999289, 0.019991472060830101087, 25.199999999999999289, 0, 26.100000000000001421, 0
25.300000000000000711, 0, 25.300000000000000711, 0, 25.300000000000000711, 0, 26.199999999999999289, 0, 25.300000000000000711, 0, 25.300000000000000711, 0, 25.300000000000000711, 0, 26.199999999999999289, 0
25.399999999999998579, 0, 25.399999999999998579, -0.00058399044602577636874, 25.399999999999998579, 0, 26.300000000000000711, 0, 25.399999999999998579, 0, 25.399999999999998579, 0.019991472060830101087, 25.399999999999998579, 0, 26.300000000000000711, 0
25.5, 0, 25.5, 0, 25.5, 0, 26.399999999999998579, 0, 25.5, 0, 25.5, 0, 25.5, 0, 26.399999999999998579, 0
25.600000000000001421, 0, 25.600000000000001421, -0.00058399044602577636874, 25.600000000000001421, 0, 26.5, 0, 25.600000000000001421, 0, 25.600000000000001421, 0.019991472060830101087, 25.600000000000001421, 0, 26.5, 0
25.699999999999999289, 0, 25.699999999999999289, 0, 25.699999999999999289, 0, 26.600000000000001421, 0, 25.699999999999999289, 0, 25.699999999999999289, 0, 25.699999999999999289, 0, 26.600000000000001421, 0
25.800000000000000711, 0, 25.800000000000000711, -0.00058399044602577636874, 25.800000000000000711, 0, 26.699999999999999289, 0, 25.800000000000000711, 0, 25.800000000000000711, 0.019991472060830101087, 25.800000000000000711, 0, 26.699999999999999289, 0
25.899999999999998579, 0, 25.899999999999998579, 0, 25.899999999999998579, 0, 26.800000000000000711, 0, 25.899999999999998579, 0, 25.899999999999998579, 0, 25.899999999999998579, 0, 26.800000000000000711, 0
26, 0, 26, -0.00058399044602577636874, 26, 0, 26.899999999999998579, 0, 26, 0, 26, 0.019991472060830101087, 26, 0, 26.899999999999998579, 0
26.100000000000001421, 0, 26.100000000000001421, 0, 26.100000000000001421, 0, 27, 0, 26.100000000000001421, 0, 26.100000000000001421, 0, 26.100000000000001421, 0, 27, 0
26.199999999999999289, 0, 26.199999999999999289, -0.00058399044602577636874, 26.199999999999999289, 0, 27.100000000000001421, 0, 26.199999999999999289, 0, 26.199999999999999289, 0.019991472060830101087, 26.199999999999999289, 0, 27.100000000000001421, 0
26.300000000000000711, 0, 26.300000000000000711, 0, 26.300000000000000711, 0, 27.199999999999999289, 0, 26.300000000000000711, 0, 26.300000000000000711, 0, 26.300000000000000711, 0, 27.199999999999999289, 0
26.399999999999998579, 0, 26.399999999999998579, -0.00058399044602577636874, 26.399999999999998579, 0, 27.300000000000000711, 0, 26.399999999999998579, 0, 26.399999999999998579, 0.019991472060830101087, 26.399999999999998579, 0, 27.300000000000000711, 0
26.5, 0, 26.5, 0, 26.5, 0, 27.399999999999998579, 0, 26.5, 0, 26.5, 0, 26.5, 0, 27.399999999999998579, 0
26.600000000000001421, 0, 26.600000000000001421, -0.00058399044602577636874, 26.600000000000001421, 0, 27.5, 0, 26.600000000000001421, 0, 26.600000000000001421, 0.019991472060830101087, 26.600000000000001421, 0, 27.5, 0
26.699999999999999289, 0, 26.699999999999999289, 0, 26.699999999999999289, 0, 27.600000000000001421, 0, 26.699999999999999289, 0, 26.699999999999999289, 0, 26.699999999999999289, 0, 27.600000000000001421, 0
26.800000000000000711, 0, 26.800000000000000711, -0.00058399044602577636874, 26.800000000000000711, 0, 27.699999999999999289, 0, 26.800000000000000711, 0, 26.800000000000000711, 0.019991472060830101087, 26.800000000000000711, 0, 27.699999999999999289, 0
26.899999999999998579, 0, 26.899999999999998579, 0, 26.899999999999998579, 0, 27.800000000000000711, 0, 26.899999999999998579, 0, 26.899999999999998579, 0, 26.899999999999998579, 0, 27.800000000000000711, 0
27, 0, 27, -0.00058399044602577636874, 27, 0, 27.899999999999998579, 0, 27, 0, 27, 0.019991472060830101087, 27, 0, 27.899999999999998579, 0
27.100000000000001421, 0, 27.100000000000001421, 0, 27.100000000000001421, 0, 28, 0, 27.100000000000001421, 0, 27.100000000000001421, 0, 27.100000000000001421, 0, 28, 0
27.199999999999999289, 0, 27.199999999999999289, -0.00058399044602577636874, 27.199999999999999289, 0, 28.100000000000001421, 0, 27.199999999999999289, 0, 27.199999999999999289, 0.019991472060830101087, 27.199999999999999289, 0, 28.100000000000001421, 0
27.300000000000000711, 0, 27.300000000000000711, 0, 27.300000000000000711, 0, 28.199999999999999289, 0, 27.300000000000000711, 0, 27.300000000000000711, 0, 27.300000000000000711, 0, 28.199999999999999289, 0
27.399999999999998579, 0, 27.399999999999998579, -0.00058399044602577636874, 27.399999999999998579, 0, 28.300000000000000711, 0, 27.399999999999998579, 0, 27.399999999999998579, 0.019991472060830101087, 27.399999999999998579, 0, 28.300000000000000711, 0
27.5, 0, 27.5, 0, 27.5, 0, 28.399999999999998579, 0, 27.5, 0, 27.5, 0, 27.5, 0, 28.399999999999998579, 0
27.600000000000001421, 0, 27.600000000000001421, -0.00058399044602577636874, 27.600000000000001421, 0, 28.5, 0, 27.600000000000001421, 0, 27.600000000000001421, 0.019991472060830101087, 27.600000000000001421, 0, 28.5, 0
27.699999999999999289, 0, 27.699999999999999289, 0, 27.699999999999999289, 0, 28.600000000000001421, 0, 27.699999999999999289, 0, 27.699999999999999289, 0, 27.699999999999999289, 0, 28.600000000000001421, 0
27.800000000000000711, 0, 27.800000000000000711, -0.00058399044602577636874, 27.800000000000000711, 0, 28.699999999999999289, 0, 27.800000000000000711, 0, 27.800000000000000711, 0.019991472060830101087, 27.800000000000000711, 0, 28.699999999999999289, 0
27.899999999999998579, 0, 27.899999999999998579, 0, 27.899999999999998579, 0, 28.800000000000000711, 0, 27.899999999999998579, 0, 27.899999999999998579, 0, 27.899999999999998579, 0, 28.800000000000000711, 0
28, 0, 28, -0.00058399044602577636874, 28, 0, 28.899999999999998579, 0, 28, 0, 28, 0.019991472060830101087, 28, 0, 28.899999999999998579, 0
28.100000000000001421, 0, 28.100000000000001421, 0, 28.100000000000001421, 0, 29, 0, 28.100000000000001421, 0, 28.100000000000001421, 0, 28.100000000000001421, 0, 29, 0
28.199999999999999289, 0, 28.199999999999999289, -0.00058399044602577636874, 28.199999999999999289, 0, 29.100000000000001421, 0, 28.199999999999999289, 0, 28.199999999999999289, 0.019991472060830101087, 28.199999999999999289, 0, 29.100000000000001421, 0
28.300000000000000711, 0, 28.300000000000000711, 0, 28.300000000000000711, 0, 29.199999999999999289, 0, 28.300000000000000711, 0, 28.300000000000000711, 0, 28.300000000000000711, 0, 29.199999999999999289, 0
28.399999999999998579, 0, 28.399999999999998579, -0.00058399044602577636874, 28.399999999999998579, 0, 29.300000000000000711, 0, 28.399999999999998579, 0, 28.399999999999998579, 0.019991472060830101087, 28.399999999999998579, 0, 29.300000000000000711, 0
28.5, 0, 28.5, 0, 28.5, 0, 29.399999999999998579, 0, 28.5, 0, 28.5, 0, 28.5, 0, 29.399999999999998579, 0
28.600000000000001421, 0, 28.600000000000001421, -0.00058399044602577636874, 28.600000000000001421, 0, 29.5, 0, 28.600000000000001421, 0, 28.600000000000001421, 0.019991472060830101087, 28.600000000000001421, 0, 29.5, 0
28.699999999999999289, 0, 28.699999999999999289, 0, 28.699999999999999289, 0, 29.600000000000001421, 0, 28.699999999999999289, 0, 28.699999999999999289, 0, 28.699999999999999289, 0, 29.600000000000001421, 0
28.800000000000000711, 0, 28.800000000000000711, 0.48050000190832675706, 28.800000000000000711, 0, 29.699999999999999289, 0, 28.800000000000000711, 0, 28.800000000000000711, -0.86568332824348603882, 28.800000000000000711, 0, 29.699999999999999289, 0
28.899999999999998579, 0, 28.899999999999998579, 0.48050000190832675706, 28.899999999999998579, 0, , , 28.899999999999998579, 0, 28.899999999999998579, -0.86568332824348603882, 28.899999999999998579, 0, , 
29, 0, 29, 0, 29, 0, , , 29, 0, 29, 0, 29, 0, , 
29.100000000000001421, 0, 29.100000000000001421, -0.00058399044602577636874, 29.100000000000001421, 0, , , 29.100000000000001421, 0, 29.100000000000001421, 0.019991472060830101087, 29.100000000000001421, 0, , 
29.199999999999999289, 0, 29.199999999999999289, 0, 29.199999999999999289, 0, , , 29.199999999999999289, 0, 29.199999999999999289, 0, 29.199999999999999289, 0, , 
29.300000000000000711, 0, 29.300000000000000711, -0.00058399044602577636874, 29.300000000000000711, 0, , , 29.300000000000000711, 0, 29.300000000000000711, 0.019991472060830101087, 29.300000000000000711, 0, , 
29.399999999999998579, 0, 29.399999999999998579, 0, 29.399999999999998579, 0, , , 29.399999999999998579, 0, 29.399999999999998579, 0, 29.399999999999998579, 0, , 
29.5, 0, 29.5, -0.00058399044602577636874, 29.5, 0, , , 29.5, 0, 29.5, 0.019991472060830101087, 29.5, 0, , 
29.600000000000001421, 0, 29.600000000000001421, 0, 29.600000000000001421, 0, , , 29.600000000000001421, 0, 29.600000000000001421, 0, 29.600000000000001421, 0, , 
29.699999999999999289, 0, 29.699999999999999289, -0.00058399044602577636874, 29.699999999999999289, 0, , , 29.699999999999999289, 0, 29.699999999999999289, 0.019991472060830101087, 29.699999999999999289, 0, , 
